0.000000000000000000e+00
0.000000000000000000e+00
0.000000000000000000e+00
0.000000000000000000e+00
0.000000000000000000e+00
0.000000000000000000e+00
0.000000000000000000e+00
0.000000000000000000e+00
0.000000000000000000e+00
0.000000000000000000e+00
0.000000000000000000e+00
0.000000000000000000e+00
0.000000000000000000e+00
0.000000000000000000e+00
0.000000000000000000e+00
0.000000000000000000e+00
0.000000000000000000e+00
0.000000000000000000e+00
0.000000000000000000e+00
0.000000000000000000e+00
0.000000000000000000e+00
0.000000000000000000e+00
0.000000000000000000e+00
7.500000000000000000e-01
7.500000000000000000e-01
6.666666666666666297e-01
6.666666666666666297e-01
6.666666666666666297e-01
6.666666666666666297e-01
6.666666666666666297e-01
6.000000000000000888e-01
6.000000000000000888e-01
6.000000000000000888e-01
0.000000000000000000e+00
0.000000000000000000e+00
0.000000000000000000e+00
0.000000000000000000e+00
0.000000000000000000e+00
0.000000000000000000e+00
0.000000000000000000e+00
0.000000000000000000e+00
0.000000000000000000e+00
0.000000000000000000e+00
0.000000000000000000e+00
0.000000000000000000e+00
0.000000000000000000e+00
0.000000000000000000e+00
0.000000000000000000e+00
0.000000000000000000e+00
0.000000000000000000e+00
0.000000000000000000e+00
0.000000000000000000e+00
0.000000000000000000e+00
0.000000000000000000e+00
0.000000000000000000e+00
0.000000000000000000e+00
0.000000000000000000e+00
0.000000000000000000e+00
0.000000000000000000e+00
0.000000000000000000e+00
0.000000000000000000e+00
0.000000000000000000e+00
0.000000000000000000e+00
0.000000000000000000e+00
0.000000000000000000e+00
0.000000000000000000e+00
0.000000000000000000e+00
0.000000000000000000e+00
0.000000000000000000e+00
0.000000000000000000e+00
0.000000000000000000e+00
0.000000000000000000e+00
0.000000000000000000e+00
0.000000000000000000e+00
0.000000000000000000e+00
0.000000000000000000e+00
0.000000000000000000e+00
0.000000000000000000e+00
0.000000000000000000e+00
0.000000000000000000e+00
0.000000000000000000e+00
0.000000000000000000e+00
0.000000000000000000e+00
0.000000000000000000e+00
0.000000000000000000e+00
0.000000000000000000e+00
0.000000000000000000e+00
0.000000000000000000e+00
0.000000000000000000e+00
0.000000000000000000e+00
0.000000000000000000e+00
0.000000000000000000e+00
0.000000000000000000e+00
0.000000000000000000e+00
0.000000000000000000e+00
0.000000000000000000e+00
0.000000000000000000e+00
0.000000000000000000e+00
0.000000000000000000e+00
0.000000000000000000e+00
0.000000000000000000e+00
0.000000000000000000e+00
0.000000000000000000e+00
0.000000000000000000e+00
0.000000000000000000e+00
0.000000000000000000e+00
0.000000000000000000e+00
0.000000000000000000e+00
0.000000000000000000e+00
0.000000000000000000e+00
0.000000000000000000e+00
0.000000000000000000e+00
0.000000000000000000e+00
0.000000000000000000e+00
0.000000000000000000e+00
0.000000000000000000e+00
0.000000000000000000e+00
0.000000000000000000e+00
0.000000000000000000e+00
0.000000000000000000e+00
0.000000000000000000e+00
0.000000000000000000e+00
0.000000000000000000e+00
0.000000000000000000e+00
0.000000000000000000e+00
0.000000000000000000e+00
0.000000000000000000e+00
0.000000000000000000e+00
0.000000000000000000e+00
0.000000000000000000e+00
0.000000000000000000e+00
0.000000000000000000e+00
0.000000000000000000e+00
0.000000000000000000e+00
0.000000000000000000e+00
0.000000000000000000e+00
0.000000000000000000e+00
0.000000000000000000e+00
0.000000000000000000e+00
0.000000000000000000e+00
0.000000000000000000e+00
0.000000000000000000e+00
0.000000000000000000e+00
0.000000000000000000e+00
0.000000000000000000e+00
0.000000000000000000e+00
0.000000000000000000e+00
0.000000000000000000e+00
0.000000000000000000e+00
0.000000000000000000e+00
0.000000000000000000e+00
0.000000000000000000e+00
0.000000000000000000e+00
0.000000000000000000e+00
0.000000000000000000e+00
0.000000000000000000e+00
0.000000000000000000e+00
0.000000000000000000e+00
0.000000000000000000e+00
0.000000000000000000e+00
0.000000000000000000e+00
0.000000000000000000e+00
0.000000000000000000e+00
0.000000000000000000e+00
0.000000000000000000e+00
0.000000000000000000e+00
0.000000000000000000e+00
0.000000000000000000e+00
0.000000000000000000e+00
0.000000000000000000e+00
0.000000000000000000e+00
0.000000000000000000e+00
0.000000000000000000e+00
0.000000000000000000e+00
0.000000000000000000e+00
0.000000000000000000e+00
0.000000000000000000e+00
0.000000000000000000e+00
0.000000000000000000e+00
0.000000000000000000e+00
0.000000000000000000e+00
0.000000000000000000e+00
0.000000000000000000e+00
0.000000000000000000e+00
0.000000000000000000e+00
0.000000000000000000e+00
0.000000000000000000e+00
1.463414634146341653e-01
1.463414634146341653e-01
1.463414634146341653e-01
1.428571428571428492e-01
1.428571428571428492e-01
1.428571428571428492e-01
1.428571428571428492e-01
1.428571428571428492e-01
1.395348837209302306e-01
1.395348837209302306e-01
1.395348837209302306e-01
1.395348837209302306e-01
1.395348837209302306e-01
1.363636363636363813e-01
1.363636363636363813e-01
1.363636363636363813e-01
1.363636363636363813e-01
1.363636363636363813e-01
1.333333333333333592e-01
1.333333333333333592e-01
1.333333333333333592e-01
1.333333333333333592e-01
1.333333333333333592e-01
1.304347826086956486e-01
1.304347826086956486e-01
1.304347826086956486e-01
1.304347826086956486e-01
1.304347826086956486e-01
1.276595744680851241e-01
1.276595744680851241e-01
1.276595744680851241e-01
1.276595744680851241e-01
1.276595744680851241e-01
1.250000000000000000e-01
1.250000000000000000e-01
1.250000000000000000e-01
1.250000000000000000e-01
1.250000000000000000e-01
1.224489795918367319e-01
1.224489795918367319e-01
1.224489795918367319e-01
1.224489795918367319e-01
1.224489795918367319e-01
1.200000000000000094e-01
1.200000000000000094e-01
1.200000000000000094e-01
1.200000000000000094e-01
1.200000000000000094e-01
1.176470588235294101e-01
1.176470588235294101e-01
1.176470588235294101e-01
0.000000000000000000e+00
0.000000000000000000e+00
0.000000000000000000e+00
0.000000000000000000e+00
0.000000000000000000e+00
0.000000000000000000e+00
0.000000000000000000e+00
0.000000000000000000e+00
0.000000000000000000e+00
0.000000000000000000e+00
0.000000000000000000e+00
0.000000000000000000e+00
0.000000000000000000e+00
0.000000000000000000e+00
0.000000000000000000e+00
0.000000000000000000e+00
0.000000000000000000e+00
0.000000000000000000e+00
0.000000000000000000e+00
0.000000000000000000e+00
0.000000000000000000e+00
0.000000000000000000e+00
0.000000000000000000e+00
0.000000000000000000e+00
0.000000000000000000e+00
0.000000000000000000e+00
0.000000000000000000e+00
0.000000000000000000e+00
0.000000000000000000e+00
0.000000000000000000e+00
0.000000000000000000e+00
0.000000000000000000e+00
0.000000000000000000e+00
0.000000000000000000e+00
0.000000000000000000e+00
0.000000000000000000e+00
0.000000000000000000e+00
0.000000000000000000e+00
0.000000000000000000e+00
0.000000000000000000e+00
0.000000000000000000e+00
0.000000000000000000e+00
0.000000000000000000e+00
0.000000000000000000e+00
0.000000000000000000e+00
0.000000000000000000e+00
0.000000000000000000e+00
0.000000000000000000e+00
0.000000000000000000e+00
0.000000000000000000e+00
0.000000000000000000e+00
0.000000000000000000e+00
0.000000000000000000e+00
0.000000000000000000e+00
0.000000000000000000e+00
0.000000000000000000e+00
0.000000000000000000e+00
0.000000000000000000e+00
0.000000000000000000e+00
0.000000000000000000e+00
0.000000000000000000e+00
0.000000000000000000e+00
0.000000000000000000e+00
0.000000000000000000e+00
0.000000000000000000e+00
0.000000000000000000e+00
0.000000000000000000e+00
0.000000000000000000e+00
0.000000000000000000e+00
0.000000000000000000e+00
0.000000000000000000e+00
0.000000000000000000e+00
0.000000000000000000e+00
0.000000000000000000e+00
0.000000000000000000e+00
0.000000000000000000e+00
0.000000000000000000e+00
0.000000000000000000e+00
0.000000000000000000e+00
0.000000000000000000e+00
0.000000000000000000e+00
0.000000000000000000e+00
0.000000000000000000e+00
0.000000000000000000e+00
0.000000000000000000e+00
0.000000000000000000e+00
0.000000000000000000e+00
0.000000000000000000e+00
0.000000000000000000e+00
0.000000000000000000e+00
0.000000000000000000e+00
0.000000000000000000e+00
0.000000000000000000e+00
0.000000000000000000e+00
0.000000000000000000e+00
0.000000000000000000e+00
0.000000000000000000e+00
0.000000000000000000e+00
0.000000000000000000e+00
0.000000000000000000e+00
0.000000000000000000e+00
0.000000000000000000e+00
0.000000000000000000e+00
0.000000000000000000e+00
0.000000000000000000e+00
0.000000000000000000e+00
0.000000000000000000e+00
0.000000000000000000e+00
0.000000000000000000e+00
0.000000000000000000e+00
0.000000000000000000e+00
0.000000000000000000e+00
0.000000000000000000e+00
0.000000000000000000e+00
0.000000000000000000e+00
0.000000000000000000e+00
0.000000000000000000e+00
0.000000000000000000e+00
0.000000000000000000e+00
0.000000000000000000e+00
0.000000000000000000e+00
0.000000000000000000e+00
0.000000000000000000e+00
0.000000000000000000e+00
0.000000000000000000e+00
0.000000000000000000e+00
0.000000000000000000e+00
0.000000000000000000e+00
0.000000000000000000e+00
0.000000000000000000e+00
0.000000000000000000e+00
0.000000000000000000e+00
0.000000000000000000e+00
7.692307692307692735e-02
7.692307692307692735e-02
7.692307692307692735e-02
7.692307692307692735e-02
7.594936708860759722e-02
7.594936708860759722e-02
7.594936708860759722e-02
7.594936708860759722e-02
7.594936708860759722e-02
7.500000000000001110e-02
7.500000000000001110e-02
7.500000000000001110e-02
7.500000000000001110e-02
7.500000000000001110e-02
7.407407407407406996e-02
7.407407407407406996e-02
7.407407407407406996e-02
7.407407407407406996e-02
7.407407407407406996e-02
7.317073170731708265e-02
7.317073170731708265e-02
7.317073170731708265e-02
7.317073170731708265e-02
7.317073170731708265e-02
7.228915662650603480e-02
7.228915662650603480e-02
7.228915662650603480e-02
7.228915662650603480e-02
7.228915662650603480e-02
7.142857142857142461e-02
7.142857142857142461e-02
7.142857142857142461e-02
7.142857142857142461e-02
7.142857142857142461e-02
7.058823529411764608e-02
7.058823529411764608e-02
7.058823529411764608e-02
7.058823529411764608e-02
7.058823529411764608e-02
6.976744186046511531e-02
6.976744186046511531e-02
6.976744186046511531e-02
6.976744186046511531e-02
6.976744186046511531e-02
6.896551724137930939e-02
6.896551724137930939e-02
6.896551724137930939e-02
6.896551724137930939e-02
6.896551724137930939e-02
6.818181818181819065e-02
6.818181818181819065e-02
6.818181818181819065e-02
6.818181818181819065e-02
6.818181818181819065e-02
6.741573033707864981e-02
6.741573033707864981e-02
6.741573033707864981e-02
6.741573033707864981e-02
6.741573033707864981e-02
6.666666666666667962e-02
6.666666666666667962e-02
6.666666666666667962e-02
6.666666666666667962e-02
6.666666666666667962e-02
6.593406593406594962e-02
6.593406593406594962e-02
6.593406593406594962e-02
6.593406593406594962e-02
6.593406593406594962e-02
6.521739130434782428e-02
6.521739130434782428e-02
6.521739130434782428e-02
6.521739130434782428e-02
6.521739130434782428e-02
6.451612903225807660e-02
6.451612903225807660e-02
6.451612903225807660e-02
6.451612903225807660e-02
6.451612903225807660e-02
6.382978723404256205e-02
6.382978723404256205e-02
6.382978723404256205e-02
6.382978723404256205e-02
6.382978723404256205e-02
6.315789473684210731e-02
6.315789473684210731e-02
6.315789473684210731e-02
6.315789473684210731e-02
6.315789473684210731e-02
6.250000000000000000e-02
6.250000000000000000e-02
6.250000000000000000e-02
6.250000000000000000e-02
6.250000000000000000e-02
6.185567010309278579e-02
6.185567010309278579e-02
6.185567010309278579e-02
0.000000000000000000e+00
0.000000000000000000e+00
0.000000000000000000e+00
0.000000000000000000e+00
0.000000000000000000e+00
0.000000000000000000e+00
0.000000000000000000e+00
0.000000000000000000e+00
0.000000000000000000e+00
0.000000000000000000e+00
0.000000000000000000e+00
0.000000000000000000e+00
0.000000000000000000e+00
0.000000000000000000e+00
0.000000000000000000e+00
0.000000000000000000e+00
0.000000000000000000e+00
0.000000000000000000e+00
0.000000000000000000e+00
0.000000000000000000e+00
0.000000000000000000e+00
0.000000000000000000e+00
0.000000000000000000e+00
0.000000000000000000e+00
0.000000000000000000e+00
0.000000000000000000e+00
0.000000000000000000e+00
0.000000000000000000e+00
0.000000000000000000e+00
0.000000000000000000e+00
0.000000000000000000e+00
0.000000000000000000e+00
0.000000000000000000e+00
0.000000000000000000e+00
0.000000000000000000e+00
0.000000000000000000e+00
0.000000000000000000e+00
0.000000000000000000e+00
0.000000000000000000e+00
0.000000000000000000e+00
0.000000000000000000e+00
0.000000000000000000e+00
0.000000000000000000e+00
0.000000000000000000e+00
0.000000000000000000e+00
0.000000000000000000e+00
0.000000000000000000e+00
0.000000000000000000e+00
0.000000000000000000e+00
0.000000000000000000e+00
0.000000000000000000e+00
0.000000000000000000e+00
0.000000000000000000e+00
0.000000000000000000e+00
0.000000000000000000e+00
0.000000000000000000e+00
0.000000000000000000e+00
0.000000000000000000e+00
0.000000000000000000e+00
0.000000000000000000e+00
0.000000000000000000e+00
0.000000000000000000e+00
0.000000000000000000e+00
0.000000000000000000e+00
0.000000000000000000e+00
0.000000000000000000e+00
0.000000000000000000e+00
0.000000000000000000e+00
0.000000000000000000e+00
0.000000000000000000e+00
0.000000000000000000e+00
0.000000000000000000e+00
0.000000000000000000e+00
0.000000000000000000e+00
0.000000000000000000e+00
0.000000000000000000e+00
0.000000000000000000e+00
0.000000000000000000e+00
0.000000000000000000e+00
0.000000000000000000e+00
0.000000000000000000e+00
0.000000000000000000e+00
0.000000000000000000e+00
0.000000000000000000e+00
0.000000000000000000e+00
0.000000000000000000e+00
5.263157894736841813e-02
5.217391304347826497e-02
5.217391304347826497e-02
5.217391304347826497e-02
5.217391304347826497e-02
5.217391304347826497e-02
5.172413793103448204e-02
5.172413793103448204e-02
5.172413793103448204e-02
5.172413793103448204e-02
5.172413793103448204e-02
5.128205128205128721e-02
5.128205128205128721e-02
5.128205128205128721e-02
5.128205128205128721e-02
5.128205128205128721e-02
5.084745762711864736e-02
5.084745762711864736e-02
5.084745762711864736e-02
5.084745762711864736e-02
5.084745762711864736e-02
5.042016806722689204e-02
5.042016806722689204e-02
5.042016806722689204e-02
5.042016806722689204e-02
5.042016806722689204e-02
5.000000000000000278e-02
5.000000000000000278e-02
5.000000000000000278e-02
5.000000000000000278e-02
5.000000000000000278e-02
4.958677685950413361e-02
4.958677685950413361e-02
4.958677685950413361e-02
4.958677685950413361e-02
4.958677685950413361e-02
4.918032786885246505e-02
4.918032786885246505e-02
4.918032786885246505e-02
4.918032786885246505e-02
4.918032786885246505e-02
4.878048780487805741e-02
4.878048780487805741e-02
4.878048780487805741e-02
4.878048780487805741e-02
4.878048780487805741e-02
4.838709677419354704e-02
4.838709677419354704e-02
4.838709677419354704e-02
4.838709677419354704e-02
4.838709677419354704e-02
4.800000000000000100e-02
4.800000000000000100e-02
4.800000000000000100e-02
4.800000000000000100e-02
4.800000000000000100e-02
4.761904761904761640e-02
4.761904761904761640e-02
4.761904761904761640e-02
4.761904761904761640e-02
4.761904761904761640e-02
4.724409448818897572e-02
4.724409448818897572e-02
4.724409448818897572e-02
4.724409448818897572e-02
4.724409448818897572e-02
4.687500000000000000e-02
4.687500000000000000e-02
4.687500000000000000e-02
4.687500000000000000e-02
4.687500000000000000e-02
4.651162790697674354e-02
4.651162790697674354e-02
4.651162790697674354e-02
4.651162790697674354e-02
4.651162790697674354e-02
4.615384615384615641e-02
4.615384615384615641e-02
4.615384615384615641e-02
4.615384615384615641e-02
4.615384615384615641e-02
4.580152671755725186e-02
4.580152671755725186e-02
4.580152671755725186e-02
4.580152671755725186e-02
4.580152671755725186e-02
4.545454545454545581e-02
4.545454545454545581e-02
4.545454545454545581e-02
4.545454545454545581e-02
4.545454545454545581e-02
4.511278195488721554e-02
4.511278195488721554e-02
4.511278195488721554e-02
4.511278195488721554e-02
4.511278195488721554e-02
4.477611940298507898e-02
4.477611940298507898e-02
4.477611940298507898e-02
4.477611940298507898e-02
4.477611940298507898e-02
4.444444444444444614e-02
4.444444444444444614e-02
4.444444444444444614e-02
4.444444444444444614e-02
4.444444444444444614e-02
4.411764705882353227e-02
4.411764705882353227e-02
4.411764705882353227e-02
4.411764705882353227e-02
4.411764705882353227e-02
4.379562043795620641e-02
4.379562043795620641e-02
4.379562043795620641e-02
4.379562043795620641e-02
4.379562043795620641e-02
4.347826086956522312e-02
4.347826086956522312e-02
4.347826086956522312e-02
4.347826086956522312e-02
4.347826086956522312e-02
4.316546762589928282e-02
4.316546762589928282e-02
4.316546762589928282e-02
4.316546762589928282e-02
4.316546762589928282e-02
4.285714285714285754e-02
4.285714285714285754e-02
4.285714285714285754e-02
4.285714285714285754e-02
4.285714285714285754e-02
4.255319148936170109e-02
4.255319148936170109e-02
4.255319148936170109e-02
4.255319148936170109e-02
4.255319148936170109e-02
4.225352112676056954e-02
4.225352112676056954e-02
4.225352112676056954e-02
4.225352112676056954e-02
4.225352112676056954e-02
4.195804195804195974e-02
4.195804195804195974e-02
0.000000000000000000e+00
0.000000000000000000e+00
0.000000000000000000e+00
0.000000000000000000e+00
0.000000000000000000e+00
0.000000000000000000e+00
0.000000000000000000e+00
0.000000000000000000e+00
0.000000000000000000e+00
0.000000000000000000e+00
0.000000000000000000e+00
0.000000000000000000e+00
0.000000000000000000e+00
0.000000000000000000e+00
0.000000000000000000e+00
0.000000000000000000e+00
0.000000000000000000e+00
0.000000000000000000e+00
0.000000000000000000e+00
0.000000000000000000e+00
0.000000000000000000e+00
0.000000000000000000e+00
0.000000000000000000e+00
0.000000000000000000e+00
0.000000000000000000e+00
0.000000000000000000e+00
0.000000000000000000e+00
0.000000000000000000e+00
0.000000000000000000e+00
0.000000000000000000e+00
0.000000000000000000e+00
0.000000000000000000e+00
0.000000000000000000e+00
0.000000000000000000e+00
0.000000000000000000e+00
0.000000000000000000e+00
0.000000000000000000e+00
0.000000000000000000e+00
0.000000000000000000e+00
0.000000000000000000e+00
0.000000000000000000e+00
3.973509933774834607e-02
3.973509933774834607e-02
3.947368421052631360e-02
3.947368421052631360e-02
3.947368421052631360e-02
3.947368421052631360e-02
3.947368421052631360e-02
3.921568627450981032e-02
3.921568627450981032e-02
3.921568627450981032e-02
3.921568627450981032e-02
3.921568627450981032e-02
3.896103896103896708e-02
3.896103896103896708e-02
3.896103896103896708e-02
3.896103896103896708e-02
3.896103896103896708e-02
3.870967741935484041e-02
3.870967741935484041e-02
3.870967741935484041e-02
3.870967741935484041e-02
3.870967741935484041e-02
3.846153846153846367e-02
3.846153846153846367e-02
3.846153846153846367e-02
3.846153846153846367e-02
3.846153846153846367e-02
3.821656050955414552e-02
3.821656050955414552e-02
3.821656050955414552e-02
3.821656050955414552e-02
3.821656050955414552e-02
3.797468354430379861e-02
3.797468354430379861e-02
3.797468354430379861e-02
3.797468354430379861e-02
3.797468354430379861e-02
3.773584905660377908e-02
3.773584905660377908e-02
3.773584905660377908e-02
3.773584905660377908e-02
3.773584905660377908e-02
3.750000000000000555e-02
3.750000000000000555e-02
3.750000000000000555e-02
3.750000000000000555e-02
3.750000000000000555e-02
3.726708074534161586e-02
3.726708074534161586e-02
3.726708074534161586e-02
3.726708074534161586e-02
3.726708074534161586e-02
3.703703703703703498e-02
3.703703703703703498e-02
3.703703703703703498e-02
3.703703703703703498e-02
3.703703703703703498e-02
3.680981595092024800e-02
3.680981595092024800e-02
3.680981595092024800e-02
3.680981595092024800e-02
3.680981595092024800e-02
3.658536585365854132e-02
3.658536585365854132e-02
3.658536585365854132e-02
3.658536585365854132e-02
3.658536585365854132e-02
3.636363636363636881e-02
3.636363636363636881e-02
3.636363636363636881e-02
3.636363636363636881e-02
3.636363636363636881e-02
3.614457831325301740e-02
3.614457831325301740e-02
3.614457831325301740e-02
3.614457831325301740e-02
3.614457831325301740e-02
3.592814371257485595e-02
3.592814371257485595e-02
3.592814371257485595e-02
3.592814371257485595e-02
3.592814371257485595e-02
3.571428571428571230e-02
3.571428571428571230e-02
3.571428571428571230e-02
3.571428571428571230e-02
3.571428571428571230e-02
3.550295857988165771e-02
3.550295857988165771e-02
3.550295857988165771e-02
3.550295857988165771e-02
3.550295857988165771e-02
3.529411764705882304e-02
3.529411764705882304e-02
3.529411764705882304e-02
3.529411764705882304e-02
3.529411764705882304e-02
3.508771929824561209e-02
3.508771929824561209e-02
3.508771929824561209e-02
3.508771929824561209e-02
3.508771929824561209e-02
3.488372093023255766e-02
3.488372093023255766e-02
3.488372093023255766e-02
3.488372093023255766e-02
3.488372093023255766e-02
3.468208092485549482e-02
3.468208092485549482e-02
3.468208092485549482e-02
3.468208092485549482e-02
3.468208092485549482e-02
3.448275862068965469e-02
3.448275862068965469e-02
3.448275862068965469e-02
3.448275862068965469e-02
3.448275862068965469e-02
3.428571428571428742e-02
3.428571428571428742e-02
3.428571428571428742e-02
3.428571428571428742e-02
3.428571428571428742e-02
3.409090909090909532e-02
3.409090909090909532e-02
3.409090909090909532e-02
3.409090909090909532e-02
3.409090909090909532e-02
3.389830508474576259e-02
3.389830508474576259e-02
3.389830508474576259e-02
3.389830508474576259e-02
3.389830508474576259e-02
3.370786516853932491e-02
3.370786516853932491e-02
3.370786516853932491e-02
3.370786516853932491e-02
3.370786516853932491e-02
3.351955307262570460e-02
3.351955307262570460e-02
3.351955307262570460e-02
3.351955307262570460e-02
3.351955307262570460e-02
3.333333333333333981e-02
3.333333333333333981e-02
3.333333333333333981e-02
3.333333333333333981e-02
3.333333333333333981e-02
3.314917127071823066e-02
3.314917127071823066e-02
3.314917127071823066e-02
3.314917127071823066e-02
3.314917127071823066e-02
3.296703296703297481e-02
3.296703296703297481e-02
3.296703296703297481e-02
3.296703296703297481e-02
3.296703296703297481e-02
3.278688524590164105e-02
3.278688524590164105e-02
3.278688524590164105e-02
3.278688524590164105e-02
3.278688524590164105e-02
3.260869565217391214e-02
3.260869565217391214e-02
3.260869565217391214e-02
3.260869565217391214e-02
3.260869565217391214e-02
3.243243243243243423e-02
3.243243243243243423e-02
3.243243243243243423e-02
3.243243243243243423e-02
3.243243243243243423e-02
3.225806451612903830e-02
3.225806451612903830e-02
3.225806451612903830e-02
3.225806451612903830e-02
3.225806451612903830e-02
3.208556149732620655e-02
3.208556149732620655e-02
3.208556149732620655e-02
3.208556149732620655e-02
3.208556149732620655e-02
3.191489361702128102e-02
3.191489361702128102e-02
6.382978723404256205e-02
6.382978723404256205e-02
6.382978723404256205e-02
6.349206349206348854e-02
6.349206349206348854e-02
3.174603174603174427e-02
3.174603174603174427e-02
3.174603174603174427e-02
3.157894736842105365e-02
3.157894736842105365e-02
3.157894736842105365e-02
3.157894736842105365e-02
3.157894736842105365e-02
3.141361256544503155e-02
3.141361256544503155e-02
3.141361256544503155e-02
3.141361256544503155e-02
3.141361256544503155e-02
3.125000000000000000e-02
3.125000000000000000e-02
3.125000000000000000e-02
3.125000000000000000e-02
3.125000000000000000e-02
3.108808290155440704e-02
3.108808290155440704e-02
3.108808290155440704e-02
3.108808290155440704e-02
3.108808290155440704e-02
3.092783505154639290e-02
3.092783505154639290e-02
3.092783505154639290e-02
3.092783505154639290e-02
3.092783505154639290e-02
3.076923076923077094e-02
3.076923076923077094e-02
3.076923076923077094e-02
3.076923076923077094e-02
3.076923076923077094e-02
3.061224489795918297e-02
3.061224489795918297e-02
3.061224489795918297e-02
3.061224489795918297e-02
3.061224489795918297e-02
3.045685279187817021e-02
3.045685279187817021e-02
3.045685279187817021e-02
3.045685279187817021e-02
3.045685279187817021e-02
3.030303030303030734e-02
3.030303030303030734e-02
3.030303030303030734e-02
3.030303030303030734e-02
3.030303030303030734e-02
3.015075376884422328e-02
3.015075376884422328e-02
3.015075376884422328e-02
3.015075376884422328e-02
3.015075376884422328e-02
3.000000000000000236e-02
3.000000000000000236e-02
3.000000000000000236e-02
3.000000000000000236e-02
3.000000000000000236e-02
2.985074626865671585e-02
2.985074626865671585e-02
2.985074626865671585e-02
2.985074626865671585e-02
2.985074626865671585e-02
2.970297029702970507e-02
2.970297029702970507e-02
2.970297029702970507e-02
2.970297029702970507e-02
2.970297029702970507e-02
2.955665024630542079e-02
2.955665024630542079e-02
2.955665024630542079e-02
2.955665024630542079e-02
2.955665024630542079e-02
2.941176470588235253e-02
2.941176470588235253e-02
2.941176470588235253e-02
2.941176470588235253e-02
2.941176470588235253e-02
2.926829268292683098e-02
2.926829268292683098e-02
2.926829268292683098e-02
2.926829268292683098e-02
2.926829268292683098e-02
2.912621359223300718e-02
2.912621359223300718e-02
2.912621359223300718e-02
2.912621359223300718e-02
2.912621359223300718e-02
2.898550724637681195e-02
2.898550724637681195e-02
2.898550724637681195e-02
2.898550724637681195e-02
2.898550724637681195e-02
2.884615384615384776e-02
2.884615384615384776e-02
2.884615384615384776e-02
2.884615384615384776e-02
2.884615384615384776e-02
2.870813397129186664e-02
2.870813397129186664e-02
2.870813397129186664e-02
2.870813397129186664e-02
2.870813397129186664e-02
2.857142857142857401e-02
2.857142857142857401e-02
2.857142857142857401e-02
2.857142857142857401e-02
2.857142857142857401e-02
2.843601895734597373e-02
2.843601895734597373e-02
2.843601895734597373e-02
2.843601895734597373e-02
2.843601895734597373e-02
2.830188679245283084e-02
2.830188679245283084e-02
2.830188679245283084e-02
2.830188679245283084e-02
2.830188679245283084e-02
2.816901408450704289e-02
2.816901408450704289e-02
2.816901408450704289e-02
2.816901408450704289e-02
2.816901408450704289e-02
2.803738317757009310e-02
2.803738317757009310e-02
2.803738317757009310e-02
2.803738317757009310e-02
2.803738317757009310e-02
2.790697674418604612e-02
2.790697674418604612e-02
2.790697674418604612e-02
2.790697674418604612e-02
2.790697674418604612e-02
2.777777777777777624e-02
2.777777777777777624e-02
2.777777777777777624e-02
2.777777777777777624e-02
2.777777777777777624e-02
2.764976958525345793e-02
2.764976958525345793e-02
2.764976958525345793e-02
2.764976958525345793e-02
2.764976958525345793e-02
2.752293577981651529e-02
2.752293577981651529e-02
2.752293577981651529e-02
2.752293577981651529e-02
2.752293577981651529e-02
2.739726027397260122e-02
2.739726027397260122e-02
2.739726027397260122e-02
2.739726027397260122e-02
2.739726027397260122e-02
2.727272727272727140e-02
2.727272727272727140e-02
2.727272727272727140e-02
2.727272727272727140e-02
2.727272727272727140e-02
2.714932126696832995e-02
2.714932126696832995e-02
2.714932126696832995e-02
2.714932126696832995e-02
2.714932126696832995e-02
2.702702702702702853e-02
2.702702702702702853e-02
2.702702702702702853e-02
2.702702702702702853e-02
2.702702702702702853e-02
2.690582959641255739e-02
2.690582959641255739e-02
2.690582959641255739e-02
2.690582959641255739e-02
2.690582959641255739e-02
2.678571428571428423e-02
2.678571428571428423e-02
2.678571428571428423e-02
2.678571428571428423e-02
2.678571428571428423e-02
5.333333333333333676e-02
5.333333333333333676e-02
5.333333333333333676e-02
5.333333333333333676e-02
5.333333333333333676e-02
5.309734513274336209e-02
5.309734513274336209e-02
5.309734513274336209e-02
5.309734513274336209e-02
5.309734513274336209e-02
5.286343612334802600e-02
5.286343612334802600e-02
5.286343612334802600e-02
5.286343612334802600e-02
5.286343612334802600e-02
5.263157894736841813e-02
5.263157894736841813e-02
5.263157894736841813e-02
5.263157894736841813e-02
5.263157894736841813e-02
5.240174672489082697e-02
5.240174672489082697e-02
5.240174672489082697e-02
5.240174672489082697e-02
5.240174672489082697e-02
5.217391304347826497e-02
5.217391304347826497e-02
5.217391304347826497e-02
5.217391304347826497e-02
5.217391304347826497e-02
5.194805194805195148e-02
5.194805194805195148e-02
5.194805194805195148e-02
5.194805194805195148e-02
5.194805194805195148e-02
5.172413793103448204e-02
5.172413793103448204e-02
5.172413793103448204e-02
5.172413793103448204e-02
5.172413793103448204e-02
5.150214592274678094e-02
5.150214592274678094e-02
5.150214592274678094e-02
5.150214592274678094e-02
5.150214592274678094e-02
5.128205128205128721e-02
5.128205128205128721e-02
5.128205128205128721e-02
5.128205128205128721e-02
5.128205128205128721e-02
5.106382978723404686e-02
5.106382978723404686e-02
2.553191489361702343e-02
2.553191489361702343e-02
2.553191489361702343e-02
2.542372881355932368e-02
2.542372881355932368e-02
2.542372881355932368e-02
2.542372881355932368e-02
2.542372881355932368e-02
2.531645569620253125e-02
2.531645569620253125e-02
2.531645569620253125e-02
2.531645569620253125e-02
2.531645569620253125e-02
2.521008403361344602e-02
2.521008403361344602e-02
2.521008403361344602e-02
2.521008403361344602e-02
2.521008403361344602e-02
2.510460251046025063e-02
2.510460251046025063e-02
2.510460251046025063e-02
2.510460251046025063e-02
2.510460251046025063e-02
2.500000000000000139e-02
2.500000000000000139e-02
2.500000000000000139e-02
2.500000000000000139e-02
2.500000000000000139e-02
2.489626556016597686e-02
2.489626556016597686e-02
2.489626556016597686e-02
2.489626556016597686e-02
2.489626556016597686e-02
2.479338842975206680e-02
2.479338842975206680e-02
2.479338842975206680e-02
2.479338842975206680e-02
2.479338842975206680e-02
2.469135802469136012e-02
2.469135802469136012e-02
2.469135802469136012e-02
2.469135802469136012e-02
2.469135802469136012e-02
2.459016393442623252e-02
2.459016393442623252e-02
2.459016393442623252e-02
2.459016393442623252e-02
2.459016393442623252e-02
2.448979591836734915e-02
2.448979591836734915e-02
2.448979591836734915e-02
2.448979591836734915e-02
2.448979591836734915e-02
2.439024390243902871e-02
2.439024390243902871e-02
2.439024390243902871e-02
2.439024390243902871e-02
2.439024390243902871e-02
2.429149797570850228e-02
2.429149797570850228e-02
2.429149797570850228e-02
2.429149797570850228e-02
2.429149797570850228e-02
2.419354838709677352e-02
2.419354838709677352e-02
2.419354838709677352e-02
2.419354838709677352e-02
2.419354838709677352e-02
2.409638554216867248e-02
2.409638554216867248e-02
2.409638554216867248e-02
2.409638554216867248e-02
2.409638554216867248e-02
2.400000000000000050e-02
2.400000000000000050e-02
2.400000000000000050e-02
2.400000000000000050e-02
2.400000000000000050e-02
2.390438247011952150e-02
2.390438247011952150e-02
2.390438247011952150e-02
2.390438247011952150e-02
2.390438247011952150e-02
2.380952380952380820e-02
2.380952380952380820e-02
2.380952380952380820e-02
2.380952380952380820e-02
2.380952380952380820e-02
2.371541501976284425e-02
2.371541501976284425e-02
2.371541501976284425e-02
2.371541501976284425e-02
2.371541501976284425e-02
2.362204724409448786e-02
2.362204724409448786e-02
2.362204724409448786e-02
2.362204724409448786e-02
2.362204724409448786e-02
2.352941176470588203e-02
2.352941176470588203e-02
2.352941176470588203e-02
2.352941176470588203e-02
2.352941176470588203e-02
2.343750000000000000e-02
2.343750000000000000e-02
2.343750000000000000e-02
2.343750000000000000e-02
2.343750000000000000e-02
2.334630350194552562e-02
2.334630350194552562e-02
2.334630350194552562e-02
2.334630350194552562e-02
2.334630350194552562e-02
2.325581395348837177e-02
2.325581395348837177e-02
2.325581395348837177e-02
2.325581395348837177e-02
2.325581395348837177e-02
2.316602316602316830e-02
2.316602316602316830e-02
2.316602316602316830e-02
2.316602316602316830e-02
2.316602316602316830e-02
2.307692307692307820e-02
2.307692307692307820e-02
2.307692307692307820e-02
2.307692307692307820e-02
2.307692307692307820e-02
2.298850574712643646e-02
2.298850574712643646e-02
2.298850574712643646e-02
2.298850574712643646e-02
4.597701149425287293e-02
4.580152671755725186e-02
4.580152671755725186e-02
4.580152671755725186e-02
4.580152671755725186e-02
4.580152671755725186e-02
4.562737642585551479e-02
4.562737642585551479e-02
4.562737642585551479e-02
4.562737642585551479e-02
4.562737642585551479e-02
4.545454545454545581e-02
4.545454545454545581e-02
4.545454545454545581e-02
4.545454545454545581e-02
4.545454545454545581e-02
4.528301886792453212e-02
4.528301886792453212e-02
4.528301886792453212e-02
4.528301886792453212e-02
4.528301886792453212e-02
4.511278195488721554e-02
4.511278195488721554e-02
4.511278195488721554e-02
4.511278195488721554e-02
4.511278195488721554e-02
4.494382022471910682e-02
4.494382022471910682e-02
4.494382022471910682e-02
4.494382022471910682e-02
4.494382022471910682e-02
4.477611940298507898e-02
4.477611940298507898e-02
4.477611940298507898e-02
4.477611940298507898e-02
4.477611940298507898e-02
4.460966542750929159e-02
4.460966542750929159e-02
4.460966542750929159e-02
4.460966542750929159e-02
4.460966542750929159e-02
4.444444444444444614e-02
4.444444444444444614e-02
4.444444444444444614e-02
4.444444444444444614e-02
4.444444444444444614e-02
4.428044280442804820e-02
4.428044280442804820e-02
4.428044280442804820e-02
4.428044280442804820e-02
4.428044280442804820e-02
4.411764705882353227e-02
4.411764705882353227e-02
4.411764705882353227e-02
4.411764705882353227e-02
4.411764705882353227e-02
4.395604395604395948e-02
4.395604395604395948e-02
4.395604395604395948e-02
4.395604395604395948e-02
4.395604395604395948e-02
4.379562043795620641e-02
4.379562043795620641e-02
4.379562043795620641e-02
4.379562043795620641e-02
4.379562043795620641e-02
4.363636363636363980e-02
4.363636363636363980e-02
4.363636363636363980e-02
4.363636363636363980e-02
4.363636363636363980e-02
4.347826086956522312e-02
4.347826086956522312e-02
4.347826086956522312e-02
4.347826086956522312e-02
4.347826086956522312e-02
4.332129963898917469e-02
4.332129963898917469e-02
4.332129963898917469e-02
4.332129963898917469e-02
4.332129963898917469e-02
4.316546762589928282e-02
4.316546762589928282e-02
4.316546762589928282e-02
4.316546762589928282e-02
4.316546762589928282e-02
4.301075268817204644e-02
4.301075268817204644e-02
4.301075268817204644e-02
4.301075268817204644e-02
4.301075268817204644e-02
4.285714285714285754e-02
4.285714285714285754e-02
4.285714285714285754e-02
4.285714285714285754e-02
4.285714285714285754e-02
4.270462633451957424e-02
2.135231316725978712e-02
2.135231316725978712e-02
2.135231316725978712e-02
2.135231316725978712e-02
2.127659574468085055e-02
2.127659574468085055e-02
2.127659574468085055e-02
2.127659574468085055e-02
2.127659574468085055e-02
2.120141342756183891e-02
2.120141342756183891e-02
2.120141342756183891e-02
2.120141342756183891e-02
2.120141342756183891e-02
2.112676056338028477e-02
2.112676056338028477e-02
2.112676056338028477e-02
2.112676056338028477e-02
2.112676056338028477e-02
2.105263157894737142e-02
2.105263157894737142e-02
2.105263157894737142e-02
2.105263157894737142e-02
2.105263157894737142e-02
2.097902097902097987e-02
2.097902097902097987e-02
2.097902097902097987e-02
2.097902097902097987e-02
2.097902097902097987e-02
2.090592334494773691e-02
2.090592334494773691e-02
2.090592334494773691e-02
2.090592334494773691e-02
2.090592334494773691e-02
2.083333333333333218e-02
2.083333333333333218e-02
2.083333333333333218e-02
2.083333333333333218e-02
2.083333333333333218e-02
2.076124567474048679e-02
2.076124567474048679e-02
2.076124567474048679e-02
2.076124567474048679e-02
2.076124567474048679e-02
2.068965517241379282e-02
2.068965517241379282e-02
2.068965517241379282e-02
2.068965517241379282e-02
2.068965517241379282e-02
2.061855670103092744e-02
2.061855670103092744e-02
2.061855670103092744e-02
2.061855670103092744e-02
2.061855670103092744e-02
2.054794520547945091e-02
2.054794520547945091e-02
2.054794520547945091e-02
2.054794520547945091e-02
2.054794520547945091e-02
2.047781569965870588e-02
2.047781569965870588e-02
2.047781569965870588e-02
2.047781569965870588e-02
2.047781569965870588e-02
2.040816326530612429e-02
2.040816326530612429e-02
2.040816326530612429e-02
2.040816326530612429e-02
2.040816326530612429e-02
2.033898305084745964e-02
2.033898305084745964e-02
2.033898305084745964e-02
2.033898305084745964e-02
2.033898305084745964e-02
2.027027027027027140e-02
2.027027027027027140e-02
2.027027027027027140e-02
2.027027027027027140e-02
2.027027027027027140e-02
2.020202020202020374e-02
2.020202020202020374e-02
2.020202020202020374e-02
2.020202020202020374e-02
2.020202020202020374e-02
2.013422818791946525e-02
2.013422818791946525e-02
2.013422818791946525e-02
4.026845637583893051e-02
4.026845637583893051e-02
4.013377926421404784e-02
4.013377926421404784e-02
4.013377926421404784e-02
4.013377926421404784e-02
4.013377926421404784e-02
4.000000000000000777e-02
4.000000000000000777e-02
4.000000000000000777e-02
4.000000000000000777e-02
4.000000000000000777e-02
3.986710963455149942e-02
3.986710963455149942e-02
3.986710963455149942e-02
3.986710963455149942e-02
3.986710963455149942e-02
3.973509933774834607e-02
3.973509933774834607e-02
3.973509933774834607e-02
3.973509933774834607e-02
3.973509933774834607e-02
3.960396039603960444e-02
3.960396039603960444e-02
3.960396039603960444e-02
3.960396039603960444e-02
3.960396039603960444e-02
3.947368421052631360e-02
3.947368421052631360e-02
3.947368421052631360e-02
3.947368421052631360e-02
3.947368421052631360e-02
3.934426229508197065e-02
3.934426229508197065e-02
3.934426229508197065e-02
3.934426229508197065e-02
3.934426229508197065e-02
3.921568627450981032e-02
3.921568627450981032e-02
3.921568627450981032e-02
3.921568627450981032e-02
3.921568627450981032e-02
3.908794788273615983e-02
3.908794788273615983e-02
3.908794788273615983e-02
3.908794788273615983e-02
3.908794788273615983e-02
3.896103896103896708e-02
3.896103896103896708e-02
3.896103896103896708e-02
3.896103896103896708e-02
3.896103896103896708e-02
3.883495145631068318e-02
3.883495145631068318e-02
3.883495145631068318e-02
3.883495145631068318e-02
3.883495145631068318e-02
3.870967741935484041e-02
3.870967741935484041e-02
3.870967741935484041e-02
3.870967741935484041e-02
3.870967741935484041e-02
3.858520900321543712e-02
3.858520900321543712e-02
3.858520900321543712e-02
3.858520900321543712e-02
3.858520900321543712e-02
3.846153846153846367e-02
3.846153846153846367e-02
3.846153846153846367e-02
3.846153846153846367e-02
3.846153846153846367e-02
3.833865814696485463e-02
3.833865814696485463e-02
3.833865814696485463e-02
3.833865814696485463e-02
3.833865814696485463e-02
3.821656050955414552e-02
3.821656050955414552e-02
3.821656050955414552e-02
3.821656050955414552e-02
3.821656050955414552e-02
3.809523809523809867e-02
3.809523809523809867e-02
3.809523809523809867e-02
3.809523809523809867e-02
3.809523809523809867e-02
3.797468354430379861e-02
3.797468354430379861e-02
3.797468354430379861e-02
3.797468354430379861e-02
3.797468354430379861e-02
3.785488958990536335e-02
3.785488958990536335e-02
3.785488958990536335e-02
3.785488958990536335e-02
3.785488958990536335e-02
3.773584905660377908e-02
3.773584905660377908e-02
3.773584905660377908e-02
3.773584905660377908e-02
3.773584905660377908e-02
3.761755485893417128e-02
3.761755485893417128e-02
3.761755485893417128e-02
3.761755485893417128e-02
3.761755485893417128e-02
3.750000000000000555e-02
3.750000000000000555e-02
3.750000000000000555e-02
3.750000000000000555e-02
3.750000000000000555e-02
3.738317757009346209e-02
3.738317757009346209e-02
3.738317757009346209e-02
3.738317757009346209e-02
3.738317757009346209e-02
3.726708074534161586e-02
3.726708074534161586e-02
3.726708074534161586e-02
3.726708074534161586e-02
3.726708074534161586e-02
3.715170278637771467e-02
3.715170278637771467e-02
3.715170278637771467e-02
3.715170278637771467e-02
3.715170278637771467e-02
3.703703703703703498e-02
3.703703703703703498e-02
3.703703703703703498e-02
3.703703703703703498e-02
3.703703703703703498e-02
3.692307692307692651e-02
3.692307692307692651e-02
3.692307692307692651e-02
3.692307692307692651e-02
3.692307692307692651e-02
3.680981595092024800e-02
3.680981595092024800e-02
3.680981595092024800e-02
3.680981595092024800e-02
3.680981595092024800e-02
3.669724770642202039e-02
1.834862385321101019e-02
1.834862385321101019e-02
1.834862385321101019e-02
1.834862385321101019e-02
1.829268292682927066e-02
1.829268292682927066e-02
1.829268292682927066e-02
1.829268292682927066e-02
1.829268292682927066e-02
1.823708206686930344e-02
1.823708206686930344e-02
1.823708206686930344e-02
1.823708206686930344e-02
1.823708206686930344e-02
1.818181818181818440e-02
1.818181818181818440e-02
1.818181818181818440e-02
1.818181818181818440e-02
1.818181818181818440e-02
1.812688821752266033e-02
1.812688821752266033e-02
1.812688821752266033e-02
1.812688821752266033e-02
1.812688821752266033e-02
1.807228915662650870e-02
1.807228915662650870e-02
1.807228915662650870e-02
1.807228915662650870e-02
1.807228915662650870e-02
1.801801801801801786e-02
1.801801801801801786e-02
1.801801801801801786e-02
1.801801801801801786e-02
1.801801801801801786e-02
1.796407185628742798e-02
1.796407185628742798e-02
1.796407185628742798e-02
1.796407185628742798e-02
1.796407185628742798e-02
1.791044776119403090e-02
1.791044776119403090e-02
3.582089552238806179e-02
3.582089552238806179e-02
3.582089552238806179e-02
3.571428571428571230e-02
3.571428571428571230e-02
3.571428571428571230e-02
3.571428571428571230e-02
3.571428571428571230e-02
3.560830860534124759e-02
3.560830860534124759e-02
3.560830860534124759e-02
3.560830860534124759e-02
3.560830860534124759e-02
3.550295857988165771e-02
3.550295857988165771e-02
3.550295857988165771e-02
3.550295857988165771e-02
3.550295857988165771e-02
3.539823008849557473e-02
3.539823008849557473e-02
3.539823008849557473e-02
3.539823008849557473e-02
3.539823008849557473e-02
3.529411764705882304e-02
3.529411764705882304e-02
3.529411764705882304e-02
3.529411764705882304e-02
3.529411764705882304e-02
3.519061583577712954e-02
3.519061583577712954e-02
3.519061583577712954e-02
3.519061583577712954e-02
3.519061583577712954e-02
3.508771929824561209e-02
3.508771929824561209e-02
3.508771929824561209e-02
3.508771929824561209e-02
3.508771929824561209e-02
3.498542274052478251e-02
3.498542274052478251e-02
3.498542274052478251e-02
3.498542274052478251e-02
3.498542274052478251e-02
3.488372093023255766e-02
3.488372093023255766e-02
3.488372093023255766e-02
3.488372093023255766e-02
3.488372093023255766e-02
3.478260869565217434e-02
3.478260869565217434e-02
3.478260869565217434e-02
3.478260869565217434e-02
3.478260869565217434e-02
3.468208092485549482e-02
3.468208092485549482e-02
3.468208092485549482e-02
3.468208092485549482e-02
3.468208092485549482e-02
3.458213256484150150e-02
3.458213256484150150e-02
3.458213256484150150e-02
3.458213256484150150e-02
3.458213256484150150e-02
3.448275862068965469e-02
3.448275862068965469e-02
3.448275862068965469e-02
3.448275862068965469e-02
3.448275862068965469e-02
3.438395415472779437e-02
3.438395415472779437e-02
3.438395415472779437e-02
3.438395415472779437e-02
3.438395415472779437e-02
3.428571428571428742e-02
3.428571428571428742e-02
3.428571428571428742e-02
3.428571428571428742e-02
3.428571428571428742e-02
3.418803418803419147e-02
3.418803418803419147e-02
3.418803418803419147e-02
3.418803418803419147e-02
3.418803418803419147e-02
3.409090909090909532e-02
3.409090909090909532e-02
3.409090909090909532e-02
3.409090909090909532e-02
3.409090909090909532e-02
3.399433427762039994e-02
3.399433427762039994e-02
3.399433427762039994e-02
3.399433427762039994e-02
3.399433427762039994e-02
3.389830508474576259e-02
3.389830508474576259e-02
3.389830508474576259e-02
3.389830508474576259e-02
3.389830508474576259e-02
3.380281690140845424e-02
3.380281690140845424e-02
3.380281690140845424e-02
3.380281690140845424e-02
3.380281690140845424e-02
3.370786516853932491e-02
3.370786516853932491e-02
3.370786516853932491e-02
3.370786516853932491e-02
3.370786516853932491e-02
3.361344537815126599e-02
3.361344537815126599e-02
3.361344537815126599e-02
3.361344537815126599e-02
3.361344537815126599e-02
3.351955307262570460e-02
3.351955307262570460e-02
3.351955307262570460e-02
3.351955307262570460e-02
3.351955307262570460e-02
3.342618384401114390e-02
3.342618384401114390e-02
3.342618384401114390e-02
3.342618384401114390e-02
3.342618384401114390e-02
3.333333333333333981e-02
3.333333333333333981e-02
3.333333333333333981e-02
3.333333333333333981e-02
3.333333333333333981e-02
3.324099722991689931e-02
3.324099722991689931e-02
3.324099722991689931e-02
3.324099722991689931e-02
3.324099722991689931e-02
3.314917127071823066e-02
3.314917127071823066e-02
3.314917127071823066e-02
3.314917127071823066e-02
3.314917127071823066e-02
3.305785123966942241e-02
3.305785123966942241e-02
3.305785123966942241e-02
3.305785123966942241e-02
3.305785123966942241e-02
3.296703296703297481e-02
3.296703296703297481e-02
3.296703296703297481e-02
3.296703296703297481e-02
3.296703296703297481e-02
3.287671232876712701e-02
3.287671232876712701e-02
3.287671232876712701e-02
3.287671232876712701e-02
3.287671232876712701e-02
3.278688524590164105e-02
3.278688524590164105e-02
3.278688524590164105e-02
3.278688524590164105e-02
3.278688524590164105e-02
3.269754768392370975e-02
3.269754768392370975e-02
3.269754768392370975e-02
3.269754768392370975e-02
3.269754768392370975e-02
3.260869565217391214e-02
3.260869565217391214e-02
3.260869565217391214e-02
3.260869565217391214e-02
3.260869565217391214e-02
3.252032520325203596e-02
3.252032520325203596e-02
3.252032520325203596e-02
3.252032520325203596e-02
3.252032520325203596e-02
3.243243243243243423e-02
3.243243243243243423e-02
3.243243243243243423e-02
3.243243243243243423e-02
3.243243243243243423e-02
3.234501347708895053e-02
3.234501347708895053e-02
3.234501347708895053e-02
3.234501347708895053e-02
3.234501347708895053e-02
3.225806451612903830e-02
4.838709677419354704e-02
4.838709677419354704e-02
4.838709677419354704e-02
4.838709677419354704e-02
4.825737265415550037e-02
3.217158176943699793e-02
3.217158176943699793e-02
3.217158176943699793e-02
3.217158176943699793e-02
3.208556149732620655e-02
3.208556149732620655e-02
3.208556149732620655e-02
3.208556149732620655e-02
3.208556149732620655e-02
3.200000000000000067e-02
3.200000000000000067e-02
3.200000000000000067e-02
3.200000000000000067e-02
3.200000000000000067e-02
3.191489361702128102e-02
3.191489361702128102e-02
3.191489361702128102e-02
3.191489361702128102e-02
3.191489361702128102e-02
3.183023872679045102e-02
3.183023872679045102e-02
3.183023872679045102e-02
3.183023872679045102e-02
3.183023872679045102e-02
3.174603174603174427e-02
3.174603174603174427e-02
3.174603174603174427e-02
3.174603174603174427e-02
3.174603174603174427e-02
3.166226912928760129e-02
3.166226912928760129e-02
3.166226912928760129e-02
3.166226912928760129e-02
3.166226912928760129e-02
3.157894736842105365e-02
3.157894736842105365e-02
3.157894736842105365e-02
3.157894736842105365e-02
3.157894736842105365e-02
3.149606299212598381e-02
3.149606299212598381e-02
3.149606299212598381e-02
3.149606299212598381e-02
3.149606299212598381e-02
3.141361256544503155e-02
3.141361256544503155e-02
3.141361256544503155e-02
3.141361256544503155e-02
3.141361256544503155e-02
3.133159268929504304e-02
3.133159268929504304e-02
3.133159268929504304e-02
3.133159268929504304e-02
3.133159268929504304e-02
3.125000000000000000e-02
3.125000000000000000e-02
3.125000000000000000e-02
3.125000000000000000e-02
3.125000000000000000e-02
3.116883116883116880e-02
3.116883116883116880e-02
3.116883116883116880e-02
3.116883116883116880e-02
3.116883116883116880e-02
3.108808290155440704e-02
3.108808290155440704e-02
3.108808290155440704e-02
3.108808290155440704e-02
3.108808290155440704e-02
3.100775193798449916e-02
3.100775193798449916e-02
3.100775193798449916e-02
3.100775193798449916e-02
3.100775193798449916e-02
3.092783505154639290e-02
3.092783505154639290e-02
3.092783505154639290e-02
3.092783505154639290e-02
3.092783505154639290e-02
3.084832904884318716e-02
3.084832904884318716e-02
3.084832904884318716e-02
3.084832904884318716e-02
3.084832904884318716e-02
3.076923076923077094e-02
3.076923076923077094e-02
3.076923076923077094e-02
3.076923076923077094e-02
3.076923076923077094e-02
3.069053708439898123e-02
3.069053708439898123e-02
3.069053708439898123e-02
3.069053708439898123e-02
3.069053708439898123e-02
3.061224489795918297e-02
3.061224489795918297e-02
3.061224489795918297e-02
3.061224489795918297e-02
3.061224489795918297e-02
3.053435114503817022e-02
3.053435114503817022e-02
3.053435114503817022e-02
3.053435114503817022e-02
3.053435114503817022e-02
3.045685279187817021e-02
3.045685279187817021e-02
3.045685279187817021e-02
3.045685279187817021e-02
3.045685279187817021e-02
3.037974683544304028e-02
3.037974683544304028e-02
3.037974683544304028e-02
3.037974683544304028e-02
3.037974683544304028e-02
3.030303030303030734e-02
3.030303030303030734e-02
3.030303030303030734e-02
3.030303030303030734e-02
3.030303030303030734e-02
3.022670025188916795e-02
3.022670025188916795e-02
3.022670025188916795e-02
3.022670025188916795e-02
3.022670025188916795e-02
3.015075376884422328e-02
3.015075376884422328e-02
3.015075376884422328e-02
3.015075376884422328e-02
3.015075376884422328e-02
3.007518796992481036e-02
3.007518796992481036e-02
3.007518796992481036e-02
3.007518796992481036e-02
3.007518796992481036e-02
3.000000000000000236e-02
3.000000000000000236e-02
3.000000000000000236e-02
3.000000000000000236e-02
3.000000000000000236e-02
2.992518703241895187e-02
2.992518703241895187e-02
2.992518703241895187e-02
2.992518703241895187e-02
2.992518703241895187e-02
2.985074626865671585e-02
2.985074626865671585e-02
2.985074626865671585e-02
2.985074626865671585e-02
2.985074626865671585e-02
2.977667493796526052e-02
2.977667493796526052e-02
2.977667493796526052e-02
2.977667493796526052e-02
2.977667493796526052e-02
2.970297029702970507e-02
2.970297029702970507e-02
2.970297029702970507e-02
2.970297029702970507e-02
2.970297029702970507e-02
2.962962962962963076e-02
2.962962962962963076e-02
2.962962962962963076e-02
2.962962962962963076e-02
2.962962962962963076e-02
2.955665024630542079e-02
2.955665024630542079e-02
2.955665024630542079e-02
2.955665024630542079e-02
2.955665024630542079e-02
2.948402948402948504e-02
2.948402948402948504e-02
2.948402948402948504e-02
2.948402948402948504e-02
2.948402948402948504e-02
2.941176470588235253e-02
2.941176470588235253e-02
2.941176470588235253e-02
2.941176470588235253e-02
4.411764705882353227e-02
4.400977995110024604e-02
4.400977995110024604e-02
4.400977995110024604e-02
4.400977995110024604e-02
4.400977995110024604e-02
4.390243902439024820e-02
4.390243902439024820e-02
4.390243902439024820e-02
4.390243902439024820e-02
4.390243902439024820e-02
4.379562043795620641e-02
4.379562043795620641e-02
4.379562043795620641e-02
4.379562043795620641e-02
4.379562043795620641e-02
4.368932038834951598e-02
4.368932038834951598e-02
4.368932038834951598e-02
4.368932038834951598e-02
4.368932038834951598e-02
4.358353510895884159e-02
4.358353510895884159e-02
4.358353510895884159e-02
4.358353510895884159e-02
4.358353510895884159e-02
4.347826086956522312e-02
4.347826086956522312e-02
4.347826086956522312e-02
4.347826086956522312e-02
4.347826086956522312e-02
4.337349397590362088e-02
4.337349397590362088e-02
4.337349397590362088e-02
4.337349397590362088e-02
4.337349397590362088e-02
4.326923076923077510e-02
4.326923076923077510e-02
4.326923076923077510e-02
4.326923076923077510e-02
4.326923076923077510e-02
4.316546762589928282e-02
4.316546762589928282e-02
4.316546762589928282e-02
4.316546762589928282e-02
4.316546762589928282e-02
4.306220095693780170e-02
4.306220095693780170e-02
4.306220095693780170e-02
4.306220095693780170e-02
4.306220095693780170e-02
4.295942720763723521e-02
2.863961813842482232e-02
2.863961813842482232e-02
2.863961813842482232e-02
2.863961813842482232e-02
2.857142857142857401e-02
2.857142857142857401e-02
2.857142857142857401e-02
2.857142857142857401e-02
2.857142857142857401e-02
2.850356294536817228e-02
2.850356294536817228e-02
2.850356294536817228e-02
2.850356294536817228e-02
2.850356294536817228e-02
2.843601895734597373e-02
2.843601895734597373e-02
2.843601895734597373e-02
2.843601895734597373e-02
2.843601895734597373e-02
2.836879432624113406e-02
2.836879432624113406e-02
2.836879432624113406e-02
2.836879432624113406e-02
2.836879432624113406e-02
2.830188679245283084e-02
2.830188679245283084e-02
2.830188679245283084e-02
2.830188679245283084e-02
2.830188679245283084e-02
2.823529411764705635e-02
2.823529411764705635e-02
2.823529411764705635e-02
2.823529411764705635e-02
2.823529411764705635e-02
2.816901408450704289e-02
2.816901408450704289e-02
2.816901408450704289e-02
2.816901408450704289e-02
2.816901408450704289e-02
2.810304449648711941e-02
2.810304449648711941e-02
2.810304449648711941e-02
2.810304449648711941e-02
2.810304449648711941e-02
2.803738317757009310e-02
2.803738317757009310e-02
2.803738317757009310e-02
2.803738317757009310e-02
2.803738317757009310e-02
2.797202797202797200e-02
2.797202797202797200e-02
2.797202797202797200e-02
2.797202797202797200e-02
2.797202797202797200e-02
2.790697674418604612e-02
2.790697674418604612e-02
2.790697674418604612e-02
2.790697674418604612e-02
2.790697674418604612e-02
2.784222737819025406e-02
2.784222737819025406e-02
2.784222737819025406e-02
2.784222737819025406e-02
2.784222737819025406e-02
2.777777777777777624e-02
2.777777777777777624e-02
2.777777777777777624e-02
2.777777777777777624e-02
2.777777777777777624e-02
2.771362586605080960e-02
2.771362586605080960e-02
2.771362586605080960e-02
2.771362586605080960e-02
2.771362586605080960e-02
2.764976958525345793e-02
2.764976958525345793e-02
2.764976958525345793e-02
2.764976958525345793e-02
2.764976958525345793e-02
2.758620689655172376e-02
2.758620689655172376e-02
2.758620689655172376e-02
2.758620689655172376e-02
2.758620689655172376e-02
2.752293577981651529e-02
2.752293577981651529e-02
2.752293577981651529e-02
2.752293577981651529e-02
2.752293577981651529e-02
2.745995423340961278e-02
2.745995423340961278e-02
2.745995423340961278e-02
2.745995423340961278e-02
2.745995423340961278e-02
2.739726027397260122e-02
2.739726027397260122e-02
2.739726027397260122e-02
2.739726027397260122e-02
2.739726027397260122e-02
2.733485193621867926e-02
2.733485193621867926e-02
2.733485193621867926e-02
2.733485193621867926e-02
2.733485193621867926e-02
2.727272727272727140e-02
2.727272727272727140e-02
2.727272727272727140e-02
2.727272727272727140e-02
2.727272727272727140e-02
2.721088435374149905e-02
2.721088435374149905e-02
2.721088435374149905e-02
2.721088435374149905e-02
2.721088435374149905e-02
2.714932126696832995e-02
2.714932126696832995e-02
2.714932126696832995e-02
2.714932126696832995e-02
2.714932126696832995e-02
2.708803611738148931e-02
2.708803611738148931e-02
2.708803611738148931e-02
2.708803611738148931e-02
2.708803611738148931e-02
2.702702702702702853e-02
2.702702702702702853e-02
2.702702702702702853e-02
2.702702702702702853e-02
2.702702702702702853e-02
2.696629213483146478e-02
2.696629213483146478e-02
2.696629213483146478e-02
4.044943820224719544e-02
4.044943820224719544e-02
4.035874439461883956e-02
4.035874439461883956e-02
4.035874439461883956e-02
4.035874439461883956e-02
4.035874439461883956e-02
4.026845637583893051e-02
4.026845637583893051e-02
4.026845637583893051e-02
4.026845637583893051e-02
4.026845637583893051e-02
4.017857142857143155e-02
4.017857142857143155e-02
4.017857142857143155e-02
4.017857142857143155e-02
4.017857142857143155e-02
4.008908685968819857e-02
4.008908685968819857e-02
4.008908685968819857e-02
4.008908685968819857e-02
4.008908685968819857e-02
4.000000000000000777e-02
4.000000000000000777e-02
4.000000000000000777e-02
4.000000000000000777e-02
4.000000000000000777e-02
3.991130820399113599e-02
3.991130820399113599e-02
3.991130820399113599e-02
3.991130820399113599e-02
3.991130820399113599e-02
3.982300884955752157e-02
3.982300884955752157e-02
3.982300884955752157e-02
3.982300884955752157e-02
3.982300884955752157e-02
3.973509933774834607e-02
3.973509933774834607e-02
3.973509933774834607e-02
3.973509933774834607e-02
3.973509933774834607e-02
3.964757709251101603e-02
3.964757709251101603e-02
3.964757709251101603e-02
3.964757709251101603e-02
3.964757709251101603e-02
3.956043956043956561e-02
3.956043956043956561e-02
3.956043956043956561e-02
3.956043956043956561e-02
3.956043956043956561e-02
3.947368421052631360e-02
3.947368421052631360e-02
3.947368421052631360e-02
3.947368421052631360e-02
3.947368421052631360e-02
3.938730853391685105e-02
3.938730853391685105e-02
3.938730853391685105e-02
3.938730853391685105e-02
3.938730853391685105e-02
3.930131004366812369e-02
3.930131004366812369e-02
3.930131004366812369e-02
3.930131004366812369e-02
3.930131004366812369e-02
3.921568627450981032e-02
3.921568627450981032e-02
3.921568627450981032e-02
3.921568627450981032e-02
3.921568627450981032e-02
3.913043478260869873e-02
3.913043478260869873e-02
3.913043478260869873e-02
3.913043478260869873e-02
3.913043478260869873e-02
3.904555314533622590e-02
3.904555314533622590e-02
3.904555314533622590e-02
3.904555314533622590e-02
3.904555314533622590e-02
3.896103896103896708e-02
3.896103896103896708e-02
3.896103896103896708e-02
3.896103896103896708e-02
3.896103896103896708e-02
3.887688984881209481e-02
3.887688984881209481e-02
3.887688984881209481e-02
3.887688984881209481e-02
3.887688984881209481e-02
3.879310344827586327e-02
3.879310344827586327e-02
3.879310344827586327e-02
3.879310344827586327e-02
3.879310344827586327e-02
3.870967741935484041e-02
2.580645161290322578e-02
2.580645161290322578e-02
2.580645161290322578e-02
2.580645161290322578e-02
2.575107296137339047e-02
2.575107296137339047e-02
2.575107296137339047e-02
2.575107296137339047e-02
2.575107296137339047e-02
2.569593147751606313e-02
2.569593147751606313e-02
2.569593147751606313e-02
2.569593147751606313e-02
2.569593147751606313e-02
2.564102564102564361e-02
2.564102564102564361e-02
2.564102564102564361e-02
2.564102564102564361e-02
2.564102564102564361e-02
2.558635394456289930e-02
2.558635394456289930e-02
2.558635394456289930e-02
2.558635394456289930e-02
2.558635394456289930e-02
2.553191489361702343e-02
2.553191489361702343e-02
2.553191489361702343e-02
2.553191489361702343e-02
2.553191489361702343e-02
2.547770700636942803e-02
2.547770700636942803e-02
2.547770700636942803e-02
2.547770700636942803e-02
2.547770700636942803e-02
2.542372881355932368e-02
2.542372881355932368e-02
2.542372881355932368e-02
2.542372881355932368e-02
2.542372881355932368e-02
2.536997885835095418e-02
2.536997885835095418e-02
2.536997885835095418e-02
2.536997885835095418e-02
2.536997885835095418e-02
2.531645569620253125e-02
2.531645569620253125e-02
2.531645569620253125e-02
2.531645569620253125e-02
2.531645569620253125e-02
2.526315789473684154e-02
2.526315789473684154e-02
2.526315789473684154e-02
2.526315789473684154e-02
2.526315789473684154e-02
2.521008403361344602e-02
2.521008403361344602e-02
2.521008403361344602e-02
2.521008403361344602e-02
2.521008403361344602e-02
2.515723270440251708e-02
2.515723270440251708e-02
2.515723270440251708e-02
2.515723270440251708e-02
2.515723270440251708e-02
2.510460251046025063e-02
2.510460251046025063e-02
2.510460251046025063e-02
2.510460251046025063e-02
2.510460251046025063e-02
2.505219206680584301e-02
2.505219206680584301e-02
2.505219206680584301e-02
2.505219206680584301e-02
2.505219206680584301e-02
2.500000000000000139e-02
2.500000000000000139e-02
2.500000000000000139e-02
2.500000000000000139e-02
2.500000000000000139e-02
2.494802494802494941e-02
2.494802494802494941e-02
2.494802494802494941e-02
2.494802494802494941e-02
2.494802494802494941e-02
2.489626556016597686e-02
2.489626556016597686e-02
3.734439834024896182e-02
3.734439834024896182e-02
3.734439834024896182e-02
3.726708074534161586e-02
3.726708074534161586e-02
3.726708074534161586e-02
3.726708074534161586e-02
3.726708074534161586e-02
3.719008264462810021e-02
3.719008264462810021e-02
3.719008264462810021e-02
3.719008264462810021e-02
3.719008264462810021e-02
3.711340206185567009e-02
3.711340206185567009e-02
3.711340206185567009e-02
3.711340206185567009e-02
3.711340206185567009e-02
3.703703703703703498e-02
3.703703703703703498e-02
3.703703703703703498e-02
3.703703703703703498e-02
3.703703703703703498e-02
3.696098562628337414e-02
3.696098562628337414e-02
3.696098562628337414e-02
3.696098562628337414e-02
3.696098562628337414e-02
3.688524590163934358e-02
3.688524590163934358e-02
3.688524590163934358e-02
3.688524590163934358e-02
3.688524590163934358e-02
3.680981595092024800e-02
3.680981595092024800e-02
3.680981595092024800e-02
3.680981595092024800e-02
3.680981595092024800e-02
3.673469387755102372e-02
3.673469387755102372e-02
3.673469387755102372e-02
3.673469387755102372e-02
3.673469387755102372e-02
3.665987780040733113e-02
3.665987780040733113e-02
3.665987780040733113e-02
3.665987780040733113e-02
3.665987780040733113e-02
3.658536585365854132e-02
3.658536585365854132e-02
3.658536585365854132e-02
3.658536585365854132e-02
3.658536585365854132e-02
3.651115618661257556e-02
3.651115618661257556e-02
3.651115618661257556e-02
3.651115618661257556e-02
3.651115618661257556e-02
3.643724696356275689e-02
3.643724696356275689e-02
3.643724696356275689e-02
3.643724696356275689e-02
3.643724696356275689e-02
3.636363636363636881e-02
3.636363636363636881e-02
3.636363636363636881e-02
3.636363636363636881e-02
3.636363636363636881e-02
3.629032258064516375e-02
3.629032258064516375e-02
3.629032258064516375e-02
3.629032258064516375e-02
3.629032258064516375e-02
3.621730382293762707e-02
3.621730382293762707e-02
3.621730382293762707e-02
3.621730382293762707e-02
3.621730382293762707e-02
3.614457831325301740e-02
3.614457831325301740e-02
3.614457831325301740e-02
3.614457831325301740e-02
3.614457831325301740e-02
3.607214428857715566e-02
3.607214428857715566e-02
3.607214428857715566e-02
3.607214428857715566e-02
3.607214428857715566e-02
3.600000000000000422e-02
3.600000000000000422e-02
3.600000000000000422e-02
3.600000000000000422e-02
3.600000000000000422e-02
3.592814371257485595e-02
3.592814371257485595e-02
3.592814371257485595e-02
3.592814371257485595e-02
3.592814371257485595e-02
3.585657370517928572e-02
3.585657370517928572e-02
3.585657370517928572e-02
3.585657370517928572e-02
3.585657370517928572e-02
3.578528827037773252e-02
3.578528827037773252e-02
3.578528827037773252e-02
3.578528827037773252e-02
3.578528827037773252e-02
3.571428571428571230e-02
3.571428571428571230e-02
3.571428571428571230e-02
3.571428571428571230e-02
3.571428571428571230e-02
3.564356435643564747e-02
3.564356435643564747e-02
3.564356435643564747e-02
3.564356435643564747e-02
3.564356435643564747e-02
3.557312252964427157e-02
3.557312252964427157e-02
3.557312252964427157e-02
3.557312252964427157e-02
3.557312252964427157e-02
3.550295857988165771e-02
3.550295857988165771e-02
3.550295857988165771e-02
3.550295857988165771e-02
3.550295857988165771e-02
3.543307086614173179e-02
3.543307086614173179e-02
3.543307086614173179e-02
3.543307086614173179e-02
3.543307086614173179e-02
3.536345776031434712e-02
3.536345776031434712e-02
3.536345776031434712e-02
3.536345776031434712e-02
3.536345776031434712e-02
3.529411764705882304e-02
3.529411764705882304e-02
3.529411764705882304e-02
3.529411764705882304e-02
2.352941176470588203e-02
2.348336594911937247e-02
2.348336594911937247e-02
2.348336594911937247e-02
2.348336594911937247e-02
2.348336594911937247e-02
2.343750000000000000e-02
2.343750000000000000e-02
2.343750000000000000e-02
2.343750000000000000e-02
2.343750000000000000e-02
2.339181286549707472e-02
2.339181286549707472e-02
2.339181286549707472e-02
2.339181286549707472e-02
2.339181286549707472e-02
2.334630350194552562e-02
2.334630350194552562e-02
2.334630350194552562e-02
2.334630350194552562e-02
2.334630350194552562e-02
2.330097087378640852e-02
2.330097087378640852e-02
2.330097087378640852e-02
2.330097087378640852e-02
2.330097087378640852e-02
2.325581395348837177e-02
2.325581395348837177e-02
2.325581395348837177e-02
2.325581395348837177e-02
2.325581395348837177e-02
2.321083172147002036e-02
2.321083172147002036e-02
2.321083172147002036e-02
2.321083172147002036e-02
2.321083172147002036e-02
2.316602316602316830e-02
2.316602316602316830e-02
2.316602316602316830e-02
2.316602316602316830e-02
2.316602316602316830e-02
2.312138728323699655e-02
3.468208092485549482e-02
3.468208092485549482e-02
3.468208092485549482e-02
3.468208092485549482e-02
3.461538461538461731e-02
3.461538461538461731e-02
3.461538461538461731e-02
3.461538461538461731e-02
3.461538461538461731e-02
3.454894433781190155e-02
3.454894433781190155e-02
3.454894433781190155e-02
3.454894433781190155e-02
3.454894433781190155e-02
3.448275862068965469e-02
3.448275862068965469e-02
3.448275862068965469e-02
3.448275862068965469e-02
3.448275862068965469e-02
3.441682600382409835e-02
3.441682600382409835e-02
3.441682600382409835e-02
3.441682600382409835e-02
3.441682600382409835e-02
3.435114503816794063e-02
3.435114503816794063e-02
3.435114503816794063e-02
3.435114503816794063e-02
3.435114503816794063e-02
3.428571428571428742e-02
3.428571428571428742e-02
3.428571428571428742e-02
3.428571428571428742e-02
3.428571428571428742e-02
3.422053231939163609e-02
3.422053231939163609e-02
3.422053231939163609e-02
3.422053231939163609e-02
3.422053231939163609e-02
3.415559772296015290e-02
3.415559772296015290e-02
3.415559772296015290e-02
3.415559772296015290e-02
3.415559772296015290e-02
3.409090909090909532e-02
3.409090909090909532e-02
3.409090909090909532e-02
3.409090909090909532e-02
3.409090909090909532e-02
3.402646502835539322e-02
3.402646502835539322e-02
3.402646502835539322e-02
3.402646502835539322e-02
3.402646502835539322e-02
3.396226415094339562e-02
3.396226415094339562e-02
3.396226415094339562e-02
3.396226415094339562e-02
3.396226415094339562e-02
3.389830508474576259e-02
3.389830508474576259e-02
3.389830508474576259e-02
3.389830508474576259e-02
3.389830508474576259e-02
3.383458646616541166e-02
3.383458646616541166e-02
3.383458646616541166e-02
3.383458646616541166e-02
3.383458646616541166e-02
3.377110694183865086e-02
3.377110694183865086e-02
3.377110694183865086e-02
3.377110694183865086e-02
3.377110694183865086e-02
3.370786516853932491e-02
3.370786516853932491e-02
3.370786516853932491e-02
3.370786516853932491e-02
3.370786516853932491e-02
3.364485981308411311e-02
3.364485981308411311e-02
3.364485981308411311e-02
3.364485981308411311e-02
3.364485981308411311e-02
3.358208955223880576e-02
3.358208955223880576e-02
3.358208955223880576e-02
3.358208955223880576e-02
3.358208955223880576e-02
3.351955307262570460e-02
3.351955307262570460e-02
3.351955307262570460e-02
3.351955307262570460e-02
3.351955307262570460e-02
3.345724907063197390e-02
3.345724907063197390e-02
3.345724907063197390e-02
3.345724907063197390e-02
3.345724907063197390e-02
3.339517625231910869e-02
3.339517625231910869e-02
3.339517625231910869e-02
3.339517625231910869e-02
3.339517625231910869e-02
3.333333333333333981e-02
3.333333333333333981e-02
3.333333333333333981e-02
3.333333333333333981e-02
3.333333333333333981e-02
3.327171903881701032e-02
3.327171903881701032e-02
3.327171903881701032e-02
3.327171903881701032e-02
3.327171903881701032e-02
3.321033210332103441e-02
3.321033210332103441e-02
3.321033210332103441e-02
3.321033210332103441e-02
3.321033210332103441e-02
3.314917127071823066e-02
3.314917127071823066e-02
3.314917127071823066e-02
3.314917127071823066e-02
3.314917127071823066e-02
3.308823529411765441e-02
3.308823529411765441e-02
3.308823529411765441e-02
3.308823529411765441e-02
3.308823529411765441e-02
3.302752293577981835e-02
3.302752293577981835e-02
3.302752293577981835e-02
3.302752293577981835e-02
3.302752293577981835e-02
3.296703296703297481e-02
3.296703296703297481e-02
3.296703296703297481e-02
3.296703296703297481e-02
3.296703296703297481e-02
3.290676416819012656e-02
3.290676416819012656e-02
3.290676416819012656e-02
3.290676416819012656e-02
3.290676416819012656e-02
3.284671532846715480e-02
3.284671532846715480e-02
3.284671532846715480e-02
3.284671532846715480e-02
3.284671532846715480e-02
3.278688524590164105e-02
3.278688524590164105e-02
3.278688524590164105e-02
3.278688524590164105e-02
3.278688524590164105e-02
3.272727272727272985e-02
3.272727272727272985e-02
3.272727272727272985e-02
3.272727272727272985e-02
3.272727272727272985e-02
3.266787658802178251e-02
3.266787658802178251e-02
3.266787658802178251e-02
3.266787658802178251e-02
3.266787658802178251e-02
3.260869565217391214e-02
3.260869565217391214e-02
3.260869565217391214e-02
3.260869565217391214e-02
3.260869565217391214e-02
3.254972875226039980e-02
3.254972875226039980e-02
3.254972875226039980e-02
3.254972875226039980e-02
3.254972875226039980e-02
3.249097472924188101e-02
3.249097472924188101e-02
3.249097472924188101e-02
3.249097472924188101e-02
3.249097472924188101e-02
3.243243243243243423e-02
3.243243243243243423e-02
3.243243243243243423e-02
3.243243243243243423e-02
3.243243243243243423e-02
4.316546762589928282e-02
4.316546762589928282e-02
4.316546762589928282e-02
4.316546762589928282e-02
3.237410071942446732e-02
3.231597845601436730e-02
3.231597845601436730e-02
3.231597845601436730e-02
3.231597845601436730e-02
3.231597845601436730e-02
3.225806451612903830e-02
3.225806451612903830e-02
3.225806451612903830e-02
3.225806451612903830e-02
3.225806451612903830e-02
3.220035778175313335e-02
3.220035778175313335e-02
3.220035778175313335e-02
3.220035778175313335e-02
3.220035778175313335e-02
3.214285714285714662e-02
3.214285714285714662e-02
3.214285714285714662e-02
3.214285714285714662e-02
3.214285714285714662e-02
3.208556149732620655e-02
3.208556149732620655e-02
3.208556149732620655e-02
3.208556149732620655e-02
3.208556149732620655e-02
3.202846975088968068e-02
3.202846975088968068e-02
3.202846975088968068e-02
3.202846975088968068e-02
3.202846975088968068e-02
3.197158081705151617e-02
3.197158081705151617e-02
3.197158081705151617e-02
3.197158081705151617e-02
3.197158081705151617e-02
3.191489361702128102e-02
3.191489361702128102e-02
3.191489361702128102e-02
3.191489361702128102e-02
3.191489361702128102e-02
3.185840707964601726e-02
3.185840707964601726e-02
3.185840707964601726e-02
3.185840707964601726e-02
3.185840707964601726e-02
3.180212014134276011e-02
3.180212014134276011e-02
3.180212014134276011e-02
3.180212014134276011e-02
3.180212014134276011e-02
3.174603174603174427e-02
3.174603174603174427e-02
3.174603174603174427e-02
3.174603174603174427e-02
3.174603174603174427e-02
3.169014084507042195e-02
3.169014084507042195e-02
3.169014084507042195e-02
3.169014084507042195e-02
3.169014084507042195e-02
3.163444639718804990e-02
3.163444639718804990e-02
3.163444639718804990e-02
3.163444639718804990e-02
3.163444639718804990e-02
3.157894736842105365e-02
3.157894736842105365e-02
3.157894736842105365e-02
3.157894736842105365e-02
3.157894736842105365e-02
3.152364273204903700e-02
3.152364273204903700e-02
3.152364273204903700e-02
3.152364273204903700e-02
3.152364273204903700e-02
3.146853146853147154e-02
3.146853146853147154e-02
3.146853146853147154e-02
3.146853146853147154e-02
3.146853146853147154e-02
3.141361256544503155e-02
3.141361256544503155e-02
3.141361256544503155e-02
3.141361256544503155e-02
3.141361256544503155e-02
3.135888501742160883e-02
3.135888501742160883e-02
3.135888501742160883e-02
3.135888501742160883e-02
3.135888501742160883e-02
3.130434782608695898e-02
3.130434782608695898e-02
3.130434782608695898e-02
3.130434782608695898e-02
3.130434782608695898e-02
3.125000000000000000e-02
3.125000000000000000e-02
3.125000000000000000e-02
3.125000000000000000e-02
3.125000000000000000e-02
3.119584055459272490e-02
3.119584055459272490e-02
3.119584055459272490e-02
3.119584055459272490e-02
3.119584055459272490e-02
3.114186851211072499e-02
3.114186851211072499e-02
3.114186851211072499e-02
3.114186851211072499e-02
3.114186851211072499e-02
3.108808290155440704e-02
3.108808290155440704e-02
3.108808290155440704e-02
3.108808290155440704e-02
3.108808290155440704e-02
3.103448275862068922e-02
3.103448275862068922e-02
3.103448275862068922e-02
3.103448275862068922e-02
3.103448275862068922e-02
3.098106712564544299e-02
3.098106712564544299e-02
3.098106712564544299e-02
3.098106712564544299e-02
3.098106712564544299e-02
3.092783505154639290e-02
3.092783505154639290e-02
3.092783505154639290e-02
3.092783505154639290e-02
3.092783505154639290e-02
3.087478559176672771e-02
3.087478559176672771e-02
3.087478559176672771e-02
3.087478559176672771e-02
3.087478559176672771e-02
3.082191780821917637e-02
3.082191780821917637e-02
3.082191780821917637e-02
3.082191780821917637e-02
3.082191780821917637e-02
3.076923076923077094e-02
3.076923076923077094e-02
3.076923076923077094e-02
3.076923076923077094e-02
3.076923076923077094e-02
3.071672354948805361e-02
3.071672354948805361e-02
3.071672354948805361e-02
3.071672354948805361e-02
3.071672354948805361e-02
3.066439522998296377e-02
3.066439522998296377e-02
3.066439522998296377e-02
3.066439522998296377e-02
3.066439522998296377e-02
3.061224489795918297e-02
3.061224489795918297e-02
3.061224489795918297e-02
3.061224489795918297e-02
3.061224489795918297e-02
3.056027164685908709e-02
3.056027164685908709e-02
3.056027164685908709e-02
3.056027164685908709e-02
3.056027164685908709e-02
3.050847457627118425e-02
3.050847457627118425e-02
3.050847457627118425e-02
3.050847457627118425e-02
3.050847457627118425e-02
3.045685279187817021e-02
3.045685279187817021e-02
3.045685279187817021e-02
3.045685279187817021e-02
3.045685279187817021e-02
3.040540540540540709e-02
3.040540540540540709e-02
3.040540540540540709e-02
4.054054054054054279e-02
4.054054054054054279e-02
4.047217537942664201e-02
4.047217537942664201e-02
4.047217537942664201e-02
4.047217537942664201e-02
4.047217537942664201e-02
4.040404040404040747e-02
4.040404040404040747e-02
4.040404040404040747e-02
4.040404040404040747e-02
4.040404040404040747e-02
4.033613445378151502e-02
4.033613445378151502e-02
4.033613445378151502e-02
4.033613445378151502e-02
4.033613445378151502e-02
4.026845637583893051e-02
4.026845637583893051e-02
4.026845637583893051e-02
4.026845637583893051e-02
4.026845637583893051e-02
4.020100502512562873e-02
4.020100502512562873e-02
4.020100502512562873e-02
4.020100502512562873e-02
4.020100502512562873e-02
4.013377926421404784e-02
4.013377926421404784e-02
4.013377926421404784e-02
4.013377926421404784e-02
4.013377926421404784e-02
4.006677796327212659e-02
4.006677796327212659e-02
4.006677796327212659e-02
4.006677796327212659e-02
4.006677796327212659e-02
4.000000000000000777e-02
4.000000000000000777e-02
4.000000000000000777e-02
4.000000000000000777e-02
4.000000000000000777e-02
3.993344425956739385e-02
3.993344425956739385e-02
3.993344425956739385e-02
3.993344425956739385e-02
3.993344425956739385e-02
3.986710963455149942e-02
3.986710963455149942e-02
3.986710963455149942e-02
3.986710963455149942e-02
2.990033222591361936e-02
2.985074626865671585e-02
2.985074626865671585e-02
2.985074626865671585e-02
2.985074626865671585e-02
2.985074626865671585e-02
2.980132450331126129e-02
2.980132450331126129e-02
2.980132450331126129e-02
2.980132450331126129e-02
2.980132450331126129e-02
2.975206611570248294e-02
2.975206611570248294e-02
2.975206611570248294e-02
2.975206611570248294e-02
2.975206611570248294e-02
2.970297029702970507e-02
2.970297029702970507e-02
2.970297029702970507e-02
2.970297029702970507e-02
2.970297029702970507e-02
2.965403624382207531e-02
2.965403624382207531e-02
2.965403624382207531e-02
2.965403624382207531e-02
2.965403624382207531e-02
2.960526315789473520e-02
2.960526315789473520e-02
2.960526315789473520e-02
2.960526315789473520e-02
2.960526315789473520e-02
2.955665024630542079e-02
2.955665024630542079e-02
2.955665024630542079e-02
2.955665024630542079e-02
2.955665024630542079e-02
2.950819672131147972e-02
2.950819672131147972e-02
2.950819672131147972e-02
2.950819672131147972e-02
2.950819672131147972e-02
2.945990180032733233e-02
2.945990180032733233e-02
2.945990180032733233e-02
2.945990180032733233e-02
2.945990180032733233e-02
2.941176470588235253e-02
2.941176470588235253e-02
2.941176470588235253e-02
2.941176470588235253e-02
2.941176470588235253e-02
2.936378466557911654e-02
2.936378466557911654e-02
2.936378466557911654e-02
2.936378466557911654e-02
2.936378466557911654e-02
2.931596091205211640e-02
2.931596091205211640e-02
2.931596091205211640e-02
2.931596091205211640e-02
2.931596091205211640e-02
2.926829268292683098e-02
2.926829268292683098e-02
2.926829268292683098e-02
2.926829268292683098e-02
2.926829268292683098e-02
2.922077922077922010e-02
2.922077922077922010e-02
2.922077922077922010e-02
2.922077922077922010e-02
2.922077922077922010e-02
2.917341977309562823e-02
2.917341977309562823e-02
2.917341977309562823e-02
2.917341977309562823e-02
2.917341977309562823e-02
2.912621359223300718e-02
2.912621359223300718e-02
2.912621359223300718e-02
2.912621359223300718e-02
2.912621359223300718e-02
2.907915993537964552e-02
2.907915993537964552e-02
2.907915993537964552e-02
2.907915993537964552e-02
2.907915993537964552e-02
2.903225806451613031e-02
2.903225806451613031e-02
2.903225806451613031e-02
2.903225806451613031e-02
2.903225806451613031e-02
2.898550724637681195e-02
2.898550724637681195e-02
2.898550724637681195e-02
2.898550724637681195e-02
2.898550724637681195e-02
2.893890675241157784e-02
2.893890675241157784e-02
2.893890675241157784e-02
2.893890675241157784e-02
2.893890675241157784e-02
2.889245585874799377e-02
2.889245585874799377e-02
2.889245585874799377e-02
2.889245585874799377e-02
2.889245585874799377e-02
2.884615384615384776e-02
2.884615384615384776e-02
2.884615384615384776e-02
2.884615384615384776e-02
2.884615384615384776e-02
2.879999999999999921e-02
2.879999999999999921e-02
2.879999999999999921e-02
2.879999999999999921e-02
2.879999999999999921e-02
2.875399361022364098e-02
2.875399361022364098e-02
2.875399361022364098e-02
2.875399361022364098e-02
2.875399361022364098e-02
2.870813397129186664e-02
2.870813397129186664e-02
2.870813397129186664e-02
2.870813397129186664e-02
2.870813397129186664e-02
2.866242038216560567e-02
2.866242038216560567e-02
2.866242038216560567e-02
2.866242038216560567e-02
2.866242038216560567e-02
2.861685214626390888e-02
2.861685214626390888e-02
3.815580286168521879e-02
3.815580286168521879e-02
3.815580286168521879e-02
3.809523809523809867e-02
3.809523809523809867e-02
3.809523809523809867e-02
3.809523809523809867e-02
3.809523809523809867e-02
3.803486529318542142e-02
3.803486529318542142e-02
3.803486529318542142e-02
3.803486529318542142e-02
3.803486529318542142e-02
3.797468354430379861e-02
3.797468354430379861e-02
3.797468354430379861e-02
3.797468354430379861e-02
3.797468354430379861e-02
3.791469194312796498e-02
3.791469194312796498e-02
3.791469194312796498e-02
3.791469194312796498e-02
3.791469194312796498e-02
3.785488958990536335e-02
3.785488958990536335e-02
3.785488958990536335e-02
3.785488958990536335e-02
3.785488958990536335e-02
3.779527559055118058e-02
3.779527559055118058e-02
3.779527559055118058e-02
3.779527559055118058e-02
3.779527559055118058e-02
3.773584905660377908e-02
3.773584905660377908e-02
3.773584905660377908e-02
3.773584905660377908e-02
3.773584905660377908e-02
3.767660910518053768e-02
3.767660910518053768e-02
3.767660910518053768e-02
3.767660910518053768e-02
3.767660910518053768e-02
3.761755485893417128e-02
3.761755485893417128e-02
3.761755485893417128e-02
3.761755485893417128e-02
3.761755485893417128e-02
3.755868544600939052e-02
3.755868544600939052e-02
3.755868544600939052e-02
3.755868544600939052e-02
3.755868544600939052e-02
3.750000000000000555e-02
3.750000000000000555e-02
3.750000000000000555e-02
3.750000000000000555e-02
3.750000000000000555e-02
3.744149765990639755e-02
3.744149765990639755e-02
3.744149765990639755e-02
3.744149765990639755e-02
3.744149765990639755e-02
3.738317757009346209e-02
3.738317757009346209e-02
3.738317757009346209e-02
3.738317757009346209e-02
3.738317757009346209e-02
3.732503888024883698e-02
3.732503888024883698e-02
3.732503888024883698e-02
3.732503888024883698e-02
3.732503888024883698e-02
3.726708074534161586e-02
3.726708074534161586e-02
3.726708074534161586e-02
3.726708074534161586e-02
3.726708074534161586e-02
3.720930232558139483e-02
3.720930232558139483e-02
3.720930232558139483e-02
3.720930232558139483e-02
3.720930232558139483e-02
3.715170278637771467e-02
3.715170278637771467e-02
3.715170278637771467e-02
3.715170278637771467e-02
3.715170278637771467e-02
3.709428129829984988e-02
3.709428129829984988e-02
3.709428129829984988e-02
3.709428129829984988e-02
3.709428129829984988e-02
3.703703703703703498e-02
3.703703703703703498e-02
3.703703703703703498e-02
3.703703703703703498e-02
2.777777777777777624e-02
2.773497688751926440e-02
2.773497688751926440e-02
2.773497688751926440e-02
2.773497688751926440e-02
2.773497688751926440e-02
2.769230769230769662e-02
2.769230769230769662e-02
2.769230769230769662e-02
2.769230769230769662e-02
2.769230769230769662e-02
2.764976958525345793e-02
2.764976958525345793e-02
2.764976958525345793e-02
2.764976958525345793e-02
2.764976958525345793e-02
2.760736196319018773e-02
2.760736196319018773e-02
2.760736196319018773e-02
2.760736196319018773e-02
2.760736196319018773e-02
2.756508422664625049e-02
2.756508422664625049e-02
2.756508422664625049e-02
2.756508422664625049e-02
2.756508422664625049e-02
2.752293577981651529e-02
2.752293577981651529e-02
2.752293577981651529e-02
2.752293577981651529e-02
2.752293577981651529e-02
2.748091603053435389e-02
2.748091603053435389e-02
2.748091603053435389e-02
2.748091603053435389e-02
2.748091603053435389e-02
2.743902439024390252e-02
2.743902439024390252e-02
2.743902439024390252e-02
2.743902439024390252e-02
2.743902439024390252e-02
2.739726027397260122e-02
2.739726027397260122e-02
2.739726027397260122e-02
2.739726027397260122e-02
2.739726027397260122e-02
2.735562310030395169e-02
2.735562310030395169e-02
2.735562310030395169e-02
2.735562310030395169e-02
2.735562310030395169e-02
2.731411229135053201e-02
2.731411229135053201e-02
2.731411229135053201e-02
2.731411229135053201e-02
2.731411229135053201e-02
2.727272727272727140e-02
2.727272727272727140e-02
2.727272727272727140e-02
2.727272727272727140e-02
2.727272727272727140e-02
2.723146747352496455e-02
2.723146747352496455e-02
2.723146747352496455e-02
2.723146747352496455e-02
2.723146747352496455e-02
2.719033232628399049e-02
2.719033232628399049e-02
2.719033232628399049e-02
2.719033232628399049e-02
2.719033232628399049e-02
2.714932126696832995e-02
2.714932126696832995e-02
2.714932126696832995e-02
2.714932126696832995e-02
2.714932126696832995e-02
2.710843373493975958e-02
2.710843373493975958e-02
2.710843373493975958e-02
2.710843373493975958e-02
2.710843373493975958e-02
2.706766917293233418e-02
2.706766917293233418e-02
2.706766917293233418e-02
2.706766917293233418e-02
2.706766917293233418e-02
2.702702702702702853e-02
3.603603603603603572e-02
3.603603603603603572e-02
3.603603603603603572e-02
3.603603603603603572e-02
3.598200899550225290e-02
3.598200899550225290e-02
3.598200899550225290e-02
3.598200899550225290e-02
3.598200899550225290e-02
3.592814371257485595e-02
3.592814371257485595e-02
3.592814371257485595e-02
3.592814371257485595e-02
3.592814371257485595e-02
3.587443946188341448e-02
3.587443946188341448e-02
3.587443946188341448e-02
3.587443946188341448e-02
3.587443946188341448e-02
3.582089552238806179e-02
3.582089552238806179e-02
3.582089552238806179e-02
3.582089552238806179e-02
3.582089552238806179e-02
3.576751117734724289e-02
3.576751117734724289e-02
3.576751117734724289e-02
3.576751117734724289e-02
3.576751117734724289e-02
3.571428571428571230e-02
3.571428571428571230e-02
3.571428571428571230e-02
3.571428571428571230e-02
3.571428571428571230e-02
3.566121842496285110e-02
3.566121842496285110e-02
3.566121842496285110e-02
3.566121842496285110e-02
3.566121842496285110e-02
3.560830860534124759e-02
3.560830860534124759e-02
3.560830860534124759e-02
3.560830860534124759e-02
3.560830860534124759e-02
3.555555555555555552e-02
3.555555555555555552e-02
3.555555555555555552e-02
3.555555555555555552e-02
3.555555555555555552e-02
3.550295857988165771e-02
3.550295857988165771e-02
3.550295857988165771e-02
3.550295857988165771e-02
3.550295857988165771e-02
3.545051698670605850e-02
3.545051698670605850e-02
3.545051698670605850e-02
3.545051698670605850e-02
3.545051698670605850e-02
3.539823008849557473e-02
3.539823008849557473e-02
3.539823008849557473e-02
3.539823008849557473e-02
3.539823008849557473e-02
3.534609720176730419e-02
3.534609720176730419e-02
3.534609720176730419e-02
3.534609720176730419e-02
3.534609720176730419e-02
3.529411764705882304e-02
3.529411764705882304e-02
3.529411764705882304e-02
3.529411764705882304e-02
3.529411764705882304e-02
3.524229074889868168e-02
3.524229074889868168e-02
3.524229074889868168e-02
3.524229074889868168e-02
3.524229074889868168e-02
3.519061583577712954e-02
3.519061583577712954e-02
3.519061583577712954e-02
3.519061583577712954e-02
3.519061583577712954e-02
3.513909224011713128e-02
3.513909224011713128e-02
3.513909224011713128e-02
3.513909224011713128e-02
3.513909224011713128e-02
3.508771929824561209e-02
3.508771929824561209e-02
3.508771929824561209e-02
3.508771929824561209e-02
3.508771929824561209e-02
3.503649635036496651e-02
3.503649635036496651e-02
3.503649635036496651e-02
3.503649635036496651e-02
3.503649635036496651e-02
3.498542274052478251e-02
3.498542274052478251e-02
3.498542274052478251e-02
3.498542274052478251e-02
3.498542274052478251e-02
3.493449781659389158e-02
3.493449781659389158e-02
3.493449781659389158e-02
3.493449781659389158e-02
3.493449781659389158e-02
3.488372093023255766e-02
3.488372093023255766e-02
3.488372093023255766e-02
3.488372093023255766e-02
3.488372093023255766e-02
3.483309143686502685e-02
3.483309143686502685e-02
3.483309143686502685e-02
3.483309143686502685e-02
3.483309143686502685e-02
3.478260869565217434e-02
3.478260869565217434e-02
3.478260869565217434e-02
3.478260869565217434e-02
3.478260869565217434e-02
3.473227206946454676e-02
3.473227206946454676e-02
3.473227206946454676e-02
3.473227206946454676e-02
3.473227206946454676e-02
3.468208092485549482e-02
3.468208092485549482e-02
3.468208092485549482e-02
3.468208092485549482e-02
3.468208092485549482e-02
3.463203463203463200e-02
3.463203463203463200e-02
3.463203463203463200e-02
3.463203463203463200e-02
3.463203463203463200e-02
3.458213256484150150e-02
3.458213256484150150e-02
3.458213256484150150e-02
3.458213256484150150e-02
2.593659942363112786e-02
2.589928057553956761e-02
2.589928057553956761e-02
2.589928057553956761e-02
2.589928057553956761e-02
2.589928057553956761e-02
2.586206896551724102e-02
2.586206896551724102e-02
2.586206896551724102e-02
2.586206896551724102e-02
2.586206896551724102e-02
2.582496413199426161e-02
2.582496413199426161e-02
2.582496413199426161e-02
2.582496413199426161e-02
2.582496413199426161e-02
2.578796561604584578e-02
2.578796561604584578e-02
2.578796561604584578e-02
2.578796561604584578e-02
2.578796561604584578e-02
2.575107296137339047e-02
2.575107296137339047e-02
2.575107296137339047e-02
2.575107296137339047e-02
2.575107296137339047e-02
2.571428571428571730e-02
2.571428571428571730e-02
2.571428571428571730e-02
2.571428571428571730e-02
2.571428571428571730e-02
2.567760342368045900e-02
2.567760342368045900e-02
2.567760342368045900e-02
2.567760342368045900e-02
2.567760342368045900e-02
2.564102564102564361e-02
2.564102564102564361e-02
2.564102564102564361e-02
2.564102564102564361e-02
2.564102564102564361e-02
3.413940256045519539e-02
3.413940256045519539e-02
3.413940256045519539e-02
3.413940256045519539e-02
3.413940256045519539e-02
3.409090909090909532e-02
3.409090909090909532e-02
3.409090909090909532e-02
3.409090909090909532e-02
3.409090909090909532e-02
3.404255319148936920e-02
3.404255319148936920e-02
3.404255319148936920e-02
3.404255319148936920e-02
3.404255319148936920e-02
3.399433427762039994e-02
3.399433427762039994e-02
3.399433427762039994e-02
3.399433427762039994e-02
3.399433427762039994e-02
3.394625176803395261e-02
3.394625176803395261e-02
3.394625176803395261e-02
3.394625176803395261e-02
3.394625176803395261e-02
3.389830508474576259e-02
3.389830508474576259e-02
3.389830508474576259e-02
3.389830508474576259e-02
3.389830508474576259e-02
3.385049365303244295e-02
3.385049365303244295e-02
3.385049365303244295e-02
3.385049365303244295e-02
3.385049365303244295e-02
3.380281690140845424e-02
3.380281690140845424e-02
3.380281690140845424e-02
3.380281690140845424e-02
3.380281690140845424e-02
3.375527426160337963e-02
3.375527426160337963e-02
3.375527426160337963e-02
3.375527426160337963e-02
3.375527426160337963e-02
3.370786516853932491e-02
3.370786516853932491e-02
3.370786516853932491e-02
3.370786516853932491e-02
3.370786516853932491e-02
3.366058906030855447e-02
3.366058906030855447e-02
3.366058906030855447e-02
3.366058906030855447e-02
3.366058906030855447e-02
3.361344537815126599e-02
3.361344537815126599e-02
3.361344537815126599e-02
3.361344537815126599e-02
3.361344537815126599e-02
3.356643356643356640e-02
3.356643356643356640e-02
3.356643356643356640e-02
3.356643356643356640e-02
3.356643356643356640e-02
3.351955307262570460e-02
3.351955307262570460e-02
3.351955307262570460e-02
3.351955307262570460e-02
3.351955307262570460e-02
3.347280334728033879e-02
3.347280334728033879e-02
3.347280334728033879e-02
3.347280334728033879e-02
3.347280334728033879e-02
3.342618384401114390e-02
3.342618384401114390e-02
3.342618384401114390e-02
3.342618384401114390e-02
3.342618384401114390e-02
3.337969401947148834e-02
3.337969401947148834e-02
3.337969401947148834e-02
3.337969401947148834e-02
3.337969401947148834e-02
