-1.500000000000000000e+00
0.000000000000000000e+00
0.000000000000000000e+00
0.000000000000000000e+00
0.000000000000000000e+00
0.000000000000000000e+00
0.000000000000000000e+00
0.000000000000000000e+00
0.000000000000000000e+00
0.000000000000000000e+00
0.000000000000000000e+00
0.000000000000000000e+00
0.000000000000000000e+00
0.000000000000000000e+00
0.000000000000000000e+00
0.000000000000000000e+00
0.000000000000000000e+00
0.000000000000000000e+00
-8.571428571428570953e-01
-8.571428571428570953e-01
-7.500000000000000000e-01
-7.500000000000000000e-01
-7.500000000000000000e-01
-7.500000000000000000e-01
-7.500000000000000000e-01
-6.666666666666666297e-01
-6.666666666666666297e-01
0.000000000000000000e+00
0.000000000000000000e+00
0.000000000000000000e+00
0.000000000000000000e+00
0.000000000000000000e+00
0.000000000000000000e+00
0.000000000000000000e+00
0.000000000000000000e+00
0.000000000000000000e+00
0.000000000000000000e+00
0.000000000000000000e+00
0.000000000000000000e+00
0.000000000000000000e+00
0.000000000000000000e+00
0.000000000000000000e+00
-5.000000000000000000e-01
-5.000000000000000000e-01
-5.000000000000000000e-01
-4.615384615384615641e-01
-4.615384615384615641e-01
-4.615384615384615641e-01
-4.615384615384615641e-01
-4.615384615384615641e-01
-4.285714285714285476e-01
-4.285714285714285476e-01
-4.285714285714285476e-01
-4.285714285714285476e-01
-4.285714285714285476e-01
-4.000000000000000222e-01
-4.000000000000000222e-01
0.000000000000000000e+00
0.000000000000000000e+00
0.000000000000000000e+00
0.000000000000000000e+00
0.000000000000000000e+00
0.000000000000000000e+00
0.000000000000000000e+00
0.000000000000000000e+00
0.000000000000000000e+00
0.000000000000000000e+00
0.000000000000000000e+00
-3.529411764705882582e-01
-3.529411764705882582e-01
-3.333333333333333148e-01
-3.333333333333333148e-01
-3.333333333333333148e-01
-3.333333333333333148e-01
-3.333333333333333148e-01
-3.157894736842105088e-01
-3.157894736842105088e-01
-3.157894736842105088e-01
-3.157894736842105088e-01
-3.157894736842105088e-01
-3.000000000000000444e-01
-3.000000000000000444e-01
-3.000000000000000444e-01
-3.000000000000000444e-01
-3.000000000000000444e-01
-2.857142857142856984e-01
-2.857142857142856984e-01
-2.857142857142856984e-01
-2.857142857142856984e-01
0.000000000000000000e+00
0.000000000000000000e+00
0.000000000000000000e+00
0.000000000000000000e+00
0.000000000000000000e+00
0.000000000000000000e+00
0.000000000000000000e+00
0.000000000000000000e+00
-2.608695652173912971e-01
-2.608695652173912971e-01
-2.608695652173912971e-01
-2.500000000000000000e-01
-2.500000000000000000e-01
-2.500000000000000000e-01
-2.500000000000000000e-01
-2.500000000000000000e-01
-2.400000000000000189e-01
-2.400000000000000189e-01
-2.400000000000000189e-01
-2.400000000000000189e-01
-2.400000000000000189e-01
-2.307692307692307820e-01
-2.307692307692307820e-01
-2.307692307692307820e-01
-2.307692307692307820e-01
-2.307692307692307820e-01
-2.222222222222222099e-01
-2.222222222222222099e-01
-2.222222222222222099e-01
-2.222222222222222099e-01
-2.222222222222222099e-01
-2.142857142857142738e-01
-2.142857142857142738e-01
-2.142857142857142738e-01
-2.142857142857142738e-01
-2.142857142857142738e-01
-2.068965517241379282e-01
0.000000000000000000e+00
0.000000000000000000e+00
-2.068965517241379282e-01
-2.068965517241379282e-01
-2.000000000000000111e-01
-2.000000000000000111e-01
-2.000000000000000111e-01
-2.000000000000000111e-01
-2.000000000000000111e-01
-1.935483870967741882e-01
-1.935483870967741882e-01
-1.935483870967741882e-01
-1.935483870967741882e-01
-1.935483870967741882e-01
-1.875000000000000000e-01
-1.875000000000000000e-01
-1.875000000000000000e-01
-1.875000000000000000e-01
-1.875000000000000000e-01
-1.818181818181818232e-01
-1.818181818181818232e-01
-1.818181818181818232e-01
-1.818181818181818232e-01
-1.818181818181818232e-01
-1.764705882352941291e-01
-1.764705882352941291e-01
-1.764705882352941291e-01
-1.764705882352941291e-01
-1.764705882352941291e-01
-1.714285714285714302e-01
-1.714285714285714302e-01
-1.714285714285714302e-01
-1.714285714285714302e-01
-1.714285714285714302e-01
-1.666666666666666574e-01
-3.333333333333333148e-01
-3.333333333333333148e-01
-3.333333333333333148e-01
-1.666666666666666574e-01
-1.621621621621621712e-01
-1.621621621621621712e-01
-1.621621621621621712e-01
-1.621621621621621712e-01
-1.621621621621621712e-01
-1.578947368421052544e-01
-1.578947368421052544e-01
-1.578947368421052544e-01
-1.578947368421052544e-01
-1.578947368421052544e-01
-1.538461538461538547e-01
-1.538461538461538547e-01
-1.538461538461538547e-01
-1.538461538461538547e-01
-1.538461538461538547e-01
-1.500000000000000222e-01
-1.500000000000000222e-01
-1.500000000000000222e-01
-1.500000000000000222e-01
-1.500000000000000222e-01
-1.463414634146341653e-01
-1.463414634146341653e-01
-1.463414634146341653e-01
-1.463414634146341653e-01
-1.463414634146341653e-01
-1.428571428571428492e-01
-1.428571428571428492e-01
-1.428571428571428492e-01
-1.428571428571428492e-01
-1.428571428571428492e-01
-1.395348837209302306e-01
-2.790697674418604612e-01
-2.790697674418604612e-01
-2.790697674418604612e-01
-2.790697674418604612e-01
-2.727272727272727626e-01
-2.727272727272727626e-01
-2.727272727272727626e-01
-2.727272727272727626e-01
-2.727272727272727626e-01
-2.666666666666667185e-01
-1.333333333333333592e-01
-1.333333333333333592e-01
-1.333333333333333592e-01
-1.333333333333333592e-01
-1.304347826086956486e-01
-1.304347826086956486e-01
-1.304347826086956486e-01
-1.304347826086956486e-01
-1.304347826086956486e-01
-1.276595744680851241e-01
-1.276595744680851241e-01
-1.276595744680851241e-01
-1.276595744680851241e-01
-1.276595744680851241e-01
-1.250000000000000000e-01
-1.250000000000000000e-01
-1.250000000000000000e-01
-1.250000000000000000e-01
-1.250000000000000000e-01
-1.224489795918367319e-01
-1.224489795918367319e-01
-1.224489795918367319e-01
-1.224489795918367319e-01
-1.224489795918367319e-01
-1.200000000000000094e-01
-1.200000000000000094e-01
-1.200000000000000094e-01
-2.400000000000000189e-01
-2.400000000000000189e-01
-2.352941176470588203e-01
-2.352941176470588203e-01
-2.352941176470588203e-01
-2.352941176470588203e-01
-2.352941176470588203e-01
-2.307692307692307820e-01
-2.307692307692307820e-01
-2.307692307692307820e-01
-2.307692307692307820e-01
-2.307692307692307820e-01
-2.264150943396226467e-01
-2.264150943396226467e-01
-2.264150943396226467e-01
-2.264150943396226467e-01
-1.132075471698113234e-01
-1.111111111111111049e-01
-1.111111111111111049e-01
-1.111111111111111049e-01
-1.111111111111111049e-01
-1.111111111111111049e-01
-1.090909090909090856e-01
-1.090909090909090856e-01
-1.090909090909090856e-01
-1.090909090909090856e-01
-1.090909090909090856e-01
-1.071428571428571369e-01
-1.071428571428571369e-01
-1.071428571428571369e-01
-1.071428571428571369e-01
-1.071428571428571369e-01
-1.052631578947368363e-01
-1.052631578947368363e-01
-1.052631578947368363e-01
-1.052631578947368363e-01
-1.052631578947368363e-01
-1.034482758620689641e-01
-1.034482758620689641e-01
-2.068965517241379282e-01
-2.068965517241379282e-01
-2.068965517241379282e-01
-2.033898305084745894e-01
-2.033898305084745894e-01
-2.033898305084745894e-01
-2.033898305084745894e-01
-2.033898305084745894e-01
-2.000000000000000111e-01
-2.000000000000000111e-01
-2.000000000000000111e-01
-2.000000000000000111e-01
-2.000000000000000111e-01
-1.967213114754098602e-01
-1.967213114754098602e-01
-1.967213114754098602e-01
-1.967213114754098602e-01
-1.967213114754098602e-01
-1.935483870967741882e-01
-1.935483870967741882e-01
-1.935483870967741882e-01
-1.935483870967741882e-01
-1.935483870967741882e-01
-1.904761904761904656e-01
-9.523809523809523281e-02
-9.523809523809523281e-02
-9.523809523809523281e-02
-9.523809523809523281e-02
-9.375000000000000000e-02
-9.375000000000000000e-02
-9.375000000000000000e-02
-9.375000000000000000e-02
-9.375000000000000000e-02
-9.230769230769231282e-02
-9.230769230769231282e-02
-9.230769230769231282e-02
-9.230769230769231282e-02
-9.230769230769231282e-02
-9.090909090909091161e-02
-9.090909090909091161e-02
-9.090909090909091161e-02
-9.090909090909091161e-02
-1.818181818181818232e-01
-1.791044776119403159e-01
-1.791044776119403159e-01
-1.791044776119403159e-01
-1.791044776119403159e-01
-1.791044776119403159e-01
-1.764705882352941291e-01
-1.764705882352941291e-01
-1.764705882352941291e-01
-1.764705882352941291e-01
-1.764705882352941291e-01
-1.739130434782608925e-01
-1.739130434782608925e-01
-1.739130434782608925e-01
-1.739130434782608925e-01
-1.739130434782608925e-01
-1.714285714285714302e-01
-1.714285714285714302e-01
-1.714285714285714302e-01
-1.714285714285714302e-01
-1.714285714285714302e-01
-1.690140845070422781e-01
-1.690140845070422781e-01
-1.690140845070422781e-01
-1.690140845070422781e-01
-1.690140845070422781e-01
-1.666666666666666574e-01
-1.666666666666666574e-01
-1.666666666666666574e-01
-1.666666666666666574e-01
-8.333333333333332871e-02
-8.219178082191780366e-02
-8.219178082191780366e-02
-8.219178082191780366e-02
-8.219178082191780366e-02
-8.219178082191780366e-02
-8.108108108108108558e-02
-8.108108108108108558e-02
-8.108108108108108558e-02
-8.108108108108108558e-02
-8.108108108108108558e-02
-8.000000000000001554e-02
-8.000000000000001554e-02
-8.000000000000001554e-02
-1.600000000000000311e-01
-1.600000000000000311e-01
-1.578947368421052544e-01
-1.578947368421052544e-01
-1.578947368421052544e-01
-1.578947368421052544e-01
-1.578947368421052544e-01
-1.558441558441558683e-01
-1.558441558441558683e-01
-1.558441558441558683e-01
-1.558441558441558683e-01
-1.558441558441558683e-01
-1.538461538461538547e-01
-1.538461538461538547e-01
-1.538461538461538547e-01
-1.538461538461538547e-01
-1.538461538461538547e-01
-1.518987341772151944e-01
-1.518987341772151944e-01
-1.518987341772151944e-01
-1.518987341772151944e-01
-1.518987341772151944e-01
-1.500000000000000222e-01
-1.500000000000000222e-01
-1.500000000000000222e-01
-1.500000000000000222e-01
-1.500000000000000222e-01
-1.481481481481481399e-01
-1.481481481481481399e-01
-1.481481481481481399e-01
-1.481481481481481399e-01
-1.481481481481481399e-01
-1.463414634146341653e-01
-1.463414634146341653e-01
-1.463414634146341653e-01
-1.463414634146341653e-01
-1.463414634146341653e-01
-1.445783132530120696e-01
-1.445783132530120696e-01
-7.228915662650603480e-02
-7.228915662650603480e-02
-7.228915662650603480e-02
-7.142857142857142461e-02
-7.142857142857142461e-02
-7.142857142857142461e-02
-7.142857142857142461e-02
-1.428571428571428492e-01
-1.411764705882352922e-01
-1.411764705882352922e-01
-1.411764705882352922e-01
-1.411764705882352922e-01
-1.411764705882352922e-01
-1.395348837209302306e-01
-1.395348837209302306e-01
-1.395348837209302306e-01
-1.395348837209302306e-01
-1.395348837209302306e-01
-1.379310344827586188e-01
-1.379310344827586188e-01
-1.379310344827586188e-01
-1.379310344827586188e-01
-1.379310344827586188e-01
-1.363636363636363813e-01
-1.363636363636363813e-01
-1.363636363636363813e-01
-1.363636363636363813e-01
-1.363636363636363813e-01
-1.348314606741572996e-01
-1.348314606741572996e-01
-1.348314606741572996e-01
-1.348314606741572996e-01
-1.348314606741572996e-01
-1.333333333333333592e-01
-1.333333333333333592e-01
-1.333333333333333592e-01
-1.333333333333333592e-01
-1.333333333333333592e-01
-1.318681318681318992e-01
-1.318681318681318992e-01
-1.318681318681318992e-01
-1.318681318681318992e-01
-1.318681318681318992e-01
-1.304347826086956486e-01
-1.304347826086956486e-01
-1.304347826086956486e-01
-1.304347826086956486e-01
-1.304347826086956486e-01
-1.290322580645161532e-01
-1.290322580645161532e-01
-1.290322580645161532e-01
-1.290322580645161532e-01
-1.290322580645161532e-01
-1.276595744680851241e-01
-1.276595744680851241e-01
-6.382978723404256205e-02
-1.276595744680851241e-01
-1.276595744680851241e-01
-1.263157894736842146e-01
-1.263157894736842146e-01
-1.263157894736842146e-01
-1.263157894736842146e-01
-1.263157894736842146e-01
-1.250000000000000000e-01
-1.250000000000000000e-01
-1.250000000000000000e-01
-1.250000000000000000e-01
-1.250000000000000000e-01
-1.237113402061855716e-01
-1.237113402061855716e-01
-1.237113402061855716e-01
-1.237113402061855716e-01
-1.237113402061855716e-01
-1.224489795918367319e-01
-1.224489795918367319e-01
-1.224489795918367319e-01
-1.224489795918367319e-01
-1.224489795918367319e-01
-1.212121212121212294e-01
-1.212121212121212294e-01
-1.212121212121212294e-01
-1.212121212121212294e-01
-1.212121212121212294e-01
-1.200000000000000094e-01
-1.200000000000000094e-01
-1.200000000000000094e-01
-1.200000000000000094e-01
-1.200000000000000094e-01
-1.188118811881188203e-01
-1.188118811881188203e-01
-1.188118811881188203e-01
-1.188118811881188203e-01
-1.188118811881188203e-01
-1.176470588235294101e-01
-1.176470588235294101e-01
-1.176470588235294101e-01
-1.176470588235294101e-01
-1.176470588235294101e-01
-1.165048543689320287e-01
-1.165048543689320287e-01
-1.165048543689320287e-01
-1.165048543689320287e-01
-1.165048543689320287e-01
-1.153846153846153910e-01
-1.153846153846153910e-01
-1.153846153846153910e-01
-1.730769230769231004e-01
-1.730769230769231004e-01
-1.714285714285714302e-01
-1.714285714285714302e-01
-1.714285714285714302e-01
-1.714285714285714302e-01
-1.142857142857142960e-01
-1.132075471698113234e-01
-1.132075471698113234e-01
-1.132075471698113234e-01
-1.132075471698113234e-01
-1.132075471698113234e-01
-1.121495327102803724e-01
-1.121495327102803724e-01
-1.121495327102803724e-01
-1.121495327102803724e-01
-1.121495327102803724e-01
-1.111111111111111049e-01
-1.111111111111111049e-01
-1.111111111111111049e-01
-1.111111111111111049e-01
-1.111111111111111049e-01
-1.100917431192660612e-01
-1.100917431192660612e-01
-1.100917431192660612e-01
-1.100917431192660612e-01
-1.100917431192660612e-01
-1.090909090909090856e-01
-1.090909090909090856e-01
-1.090909090909090856e-01
-1.090909090909090856e-01
-1.090909090909090856e-01
-1.081081081081081141e-01
-1.081081081081081141e-01
-1.081081081081081141e-01
-1.081081081081081141e-01
-1.081081081081081141e-01
-1.071428571428571369e-01
-1.071428571428571369e-01
-1.071428571428571369e-01
-1.071428571428571369e-01
-1.071428571428571369e-01
-1.061946902654867242e-01
-1.061946902654867242e-01
-1.061946902654867242e-01
-1.061946902654867242e-01
-1.061946902654867242e-01
-1.052631578947368363e-01
-1.052631578947368363e-01
-1.052631578947368363e-01
-1.052631578947368363e-01
-1.052631578947368363e-01
-1.043478260869565299e-01
-1.043478260869565299e-01
-1.565217391304347949e-01
-1.565217391304347949e-01
-1.565217391304347949e-01
-1.551724137931034531e-01
-1.551724137931034531e-01
-1.551724137931034531e-01
-1.551724137931034531e-01
-1.551724137931034531e-01
-1.538461538461538547e-01
-1.538461538461538547e-01
-1.538461538461538547e-01
-1.538461538461538547e-01
-1.538461538461538547e-01
-1.525423728813559421e-01
-1.016949152542372947e-01
-1.016949152542372947e-01
-1.016949152542372947e-01
-1.016949152542372947e-01
-1.008403361344537841e-01
-1.008403361344537841e-01
-1.008403361344537841e-01
-1.008403361344537841e-01
-1.008403361344537841e-01
-1.000000000000000056e-01
-1.000000000000000056e-01
-1.000000000000000056e-01
-1.000000000000000056e-01
-1.000000000000000056e-01
-9.917355371900826722e-02
-9.917355371900826722e-02
-9.917355371900826722e-02
-9.917355371900826722e-02
-9.917355371900826722e-02
-9.836065573770493009e-02
-9.836065573770493009e-02
-9.836065573770493009e-02
-9.836065573770493009e-02
-9.836065573770493009e-02
-9.756097560975611482e-02
-9.756097560975611482e-02
-9.756097560975611482e-02
-9.756097560975611482e-02
-9.756097560975611482e-02
-9.677419354838709409e-02
-9.677419354838709409e-02
-9.677419354838709409e-02
-9.677419354838709409e-02
-9.677419354838709409e-02
-9.600000000000000200e-02
-9.600000000000000200e-02
-9.600000000000000200e-02
-9.600000000000000200e-02
-9.600000000000000200e-02
-9.523809523809523281e-02
-9.523809523809523281e-02
-1.428571428571428492e-01
-1.428571428571428492e-01
-1.428571428571428492e-01
-1.417322834645669272e-01
-1.417322834645669272e-01
-1.417322834645669272e-01
-1.417322834645669272e-01
-1.417322834645669272e-01
-1.406250000000000000e-01
-1.406250000000000000e-01
-1.406250000000000000e-01
-1.406250000000000000e-01
-1.406250000000000000e-01
-1.395348837209302306e-01
-1.395348837209302306e-01
-1.395348837209302306e-01
-1.395348837209302306e-01
-1.395348837209302306e-01
-1.384615384615384692e-01
-1.384615384615384692e-01
-1.384615384615384692e-01
-9.230769230769231282e-02
-9.230769230769231282e-02
-9.160305343511450371e-02
-9.160305343511450371e-02
-9.160305343511450371e-02
-9.160305343511450371e-02
-9.160305343511450371e-02
-9.090909090909091161e-02
-9.090909090909091161e-02
-9.090909090909091161e-02
-9.090909090909091161e-02
-9.090909090909091161e-02
-9.022556390977443108e-02
-9.022556390977443108e-02
-9.022556390977443108e-02
-9.022556390977443108e-02
-9.022556390977443108e-02
-8.955223880597015795e-02
-8.955223880597015795e-02
-8.955223880597015795e-02
-8.955223880597015795e-02
-8.955223880597015795e-02
-8.888888888888889228e-02
-8.888888888888889228e-02
-8.888888888888889228e-02
-8.888888888888889228e-02
-8.888888888888889228e-02
-8.823529411764706454e-02
-8.823529411764706454e-02
-8.823529411764706454e-02
-8.823529411764706454e-02
-8.823529411764706454e-02
-8.759124087591241281e-02
-8.759124087591241281e-02
-8.759124087591241281e-02
-8.759124087591241281e-02
-8.759124087591241281e-02
-1.304347826086956486e-01
-1.304347826086956486e-01
-1.304347826086956486e-01
-1.304347826086956486e-01
-1.304347826086956486e-01
-1.294964028776978693e-01
-1.294964028776978693e-01
-1.294964028776978693e-01
-1.294964028776978693e-01
-1.294964028776978693e-01
-1.285714285714285865e-01
-1.285714285714285865e-01
-1.285714285714285865e-01
-1.285714285714285865e-01
-1.285714285714285865e-01
-1.276595744680851241e-01
-1.276595744680851241e-01
-1.276595744680851241e-01
-1.276595744680851241e-01
-1.276595744680851241e-01
-1.267605633802816878e-01
-1.267605633802816878e-01
-1.267605633802816878e-01
-1.267605633802816878e-01
-1.267605633802816878e-01
-1.258741258741258862e-01
-1.258741258741258862e-01
-1.258741258741258862e-01
-1.258741258741258862e-01
-1.258741258741258862e-01
-1.250000000000000000e-01
-8.333333333333332871e-02
-8.333333333333332871e-02
-8.333333333333332871e-02
-8.333333333333332871e-02
-8.275862068965517127e-02
-8.275862068965517127e-02
-8.275862068965517127e-02
-8.275862068965517127e-02
-8.275862068965517127e-02
-8.219178082191780366e-02
-8.219178082191780366e-02
-8.219178082191780366e-02
-8.219178082191780366e-02
-8.219178082191780366e-02
-8.163265306122449716e-02
-8.163265306122449716e-02
-8.163265306122449716e-02
-8.163265306122449716e-02
-8.163265306122449716e-02
-8.108108108108108558e-02
-8.108108108108108558e-02
-8.108108108108108558e-02
-8.108108108108108558e-02
-8.108108108108108558e-02
-8.053691275167786101e-02
-8.053691275167786101e-02
-8.053691275167786101e-02
-8.053691275167786101e-02
-8.053691275167786101e-02
-1.200000000000000094e-01
-1.200000000000000094e-01
-1.200000000000000094e-01
-1.200000000000000094e-01
-1.200000000000000094e-01
-1.192052980132450452e-01
-1.192052980132450452e-01
-1.192052980132450452e-01
-1.192052980132450452e-01
-1.192052980132450452e-01
-1.184210526315789408e-01
-1.184210526315789408e-01
-1.184210526315789408e-01
-1.184210526315789408e-01
-1.184210526315789408e-01
-1.176470588235294101e-01
-1.176470588235294101e-01
-1.176470588235294101e-01
-1.176470588235294101e-01
-1.176470588235294101e-01
-1.168831168831168804e-01
-1.168831168831168804e-01
-1.168831168831168804e-01
-1.168831168831168804e-01
-1.168831168831168804e-01
-1.161290322580645212e-01
-1.161290322580645212e-01
-1.161290322580645212e-01
-1.161290322580645212e-01
-1.161290322580645212e-01
-1.153846153846153910e-01
-1.153846153846153910e-01
-1.153846153846153910e-01
-1.153846153846153910e-01
-1.153846153846153910e-01
-1.146496815286624227e-01
-1.146496815286624227e-01
-1.146496815286624227e-01
-1.146496815286624227e-01
-7.643312101910829104e-02
-7.594936708860759722e-02
-7.594936708860759722e-02
-7.594936708860759722e-02
-7.594936708860759722e-02
-7.594936708860759722e-02
-7.547169811320755817e-02
-7.547169811320755817e-02
-7.547169811320755817e-02
-7.547169811320755817e-02
-7.547169811320755817e-02
-7.500000000000001110e-02
-7.500000000000001110e-02
-7.500000000000001110e-02
-7.500000000000001110e-02
-7.500000000000001110e-02
-7.453416149068323171e-02
-7.453416149068323171e-02
-7.453416149068323171e-02
-7.453416149068323171e-02
-7.453416149068323171e-02
-7.407407407407406996e-02
-7.407407407407406996e-02
-7.407407407407406996e-02
-1.111111111111111049e-01
-1.111111111111111049e-01
-1.104294478527607509e-01
-1.104294478527607509e-01
-1.104294478527607509e-01
-1.104294478527607509e-01
-1.104294478527607509e-01
-1.097560975609756101e-01
-1.097560975609756101e-01
-1.097560975609756101e-01
-1.097560975609756101e-01
-1.097560975609756101e-01
-1.090909090909090856e-01
-1.090909090909090856e-01
-1.090909090909090856e-01
-1.090909090909090856e-01
-1.090909090909090856e-01
-1.084337349397590383e-01
-1.084337349397590383e-01
-1.084337349397590383e-01
-1.084337349397590383e-01
-1.084337349397590383e-01
-1.077844311377245540e-01
-1.077844311377245540e-01
-1.077844311377245540e-01
-1.077844311377245540e-01
-1.077844311377245540e-01
-1.071428571428571369e-01
-1.071428571428571369e-01
-1.071428571428571369e-01
-1.071428571428571369e-01
-1.071428571428571369e-01
-1.065088757396449731e-01
-1.065088757396449731e-01
-1.065088757396449731e-01
-1.065088757396449731e-01
-1.065088757396449731e-01
-1.058823529411764691e-01
-1.058823529411764691e-01
-1.058823529411764691e-01
-1.058823529411764691e-01
-1.058823529411764691e-01
-1.052631578947368363e-01
-1.052631578947368363e-01
-1.052631578947368363e-01
-1.052631578947368363e-01
-1.052631578947368363e-01
-1.046511627906976799e-01
-1.046511627906976799e-01
-6.976744186046511531e-02
-6.976744186046511531e-02
-6.976744186046511531e-02
-6.936416184971098964e-02
-6.936416184971098964e-02
-6.936416184971098964e-02
-6.936416184971098964e-02
-6.936416184971098964e-02
-6.896551724137930939e-02
-6.896551724137930939e-02
-6.896551724137930939e-02
-6.896551724137930939e-02
-6.896551724137930939e-02
-6.857142857142857484e-02
-6.857142857142857484e-02
-6.857142857142857484e-02
-1.028571428571428692e-01
-1.028571428571428692e-01
-1.022727272727272652e-01
-1.022727272727272652e-01
-1.022727272727272652e-01
-1.022727272727272652e-01
-1.022727272727272652e-01
-1.016949152542372947e-01
-1.016949152542372947e-01
-1.016949152542372947e-01
-1.016949152542372947e-01
-1.016949152542372947e-01
-1.011235955056179747e-01
-1.011235955056179747e-01
-1.011235955056179747e-01
-1.011235955056179747e-01
-1.011235955056179747e-01
-1.005586592178770999e-01
-1.005586592178770999e-01
-1.005586592178770999e-01
-1.005586592178770999e-01
-1.005586592178770999e-01
-1.000000000000000056e-01
-1.000000000000000056e-01
-1.000000000000000056e-01
-1.000000000000000056e-01
-1.000000000000000056e-01
-9.944751381215469199e-02
-9.944751381215469199e-02
-9.944751381215469199e-02
-9.944751381215469199e-02
-9.944751381215469199e-02
-9.890109890109891055e-02
-9.890109890109891055e-02
-9.890109890109891055e-02
-9.890109890109891055e-02
-9.890109890109891055e-02
-9.836065573770493009e-02
-9.836065573770493009e-02
-9.836065573770493009e-02
-9.836065573770493009e-02
-9.836065573770493009e-02
-9.782608695652174335e-02
-9.782608695652174335e-02
-9.782608695652174335e-02
-9.782608695652174335e-02
-9.782608695652174335e-02
-9.729729729729730270e-02
-9.729729729729730270e-02
-9.729729729729730270e-02
-9.729729729729730270e-02
-9.729729729729730270e-02
-9.677419354838709409e-02
-9.677419354838709409e-02
-9.677419354838709409e-02
-9.677419354838709409e-02
-9.677419354838709409e-02
-9.625668449197861964e-02
-9.625668449197861964e-02
-6.417112299465241310e-02
-6.417112299465241310e-02
-6.417112299465241310e-02
-6.382978723404256205e-02
-6.382978723404256205e-02
-6.382978723404256205e-02
-6.382978723404256205e-02
-9.574468085106382920e-02
-9.523809523809523281e-02
-9.523809523809523281e-02
-9.523809523809523281e-02
-9.523809523809523281e-02
-9.523809523809523281e-02
-9.473684210526316096e-02
-9.473684210526316096e-02
-9.473684210526316096e-02
-9.473684210526316096e-02
-9.473684210526316096e-02
-9.424083769633508079e-02
-9.424083769633508079e-02
-9.424083769633508079e-02
-9.424083769633508079e-02
-9.424083769633508079e-02
-9.375000000000000000e-02
-9.375000000000000000e-02
-9.375000000000000000e-02
-9.375000000000000000e-02
-9.375000000000000000e-02
-9.326424870466321071e-02
-9.326424870466321071e-02
-9.326424870466321071e-02
-9.326424870466321071e-02
-9.326424870466321071e-02
-9.278350515463917869e-02
-9.278350515463917869e-02
-9.278350515463917869e-02
-9.278350515463917869e-02
-9.278350515463917869e-02
-9.230769230769231282e-02
-9.230769230769231282e-02
-9.230769230769231282e-02
-9.230769230769231282e-02
-9.230769230769231282e-02
-9.183673469387755584e-02
-9.183673469387755584e-02
-9.183673469387755584e-02
-9.183673469387755584e-02
-9.183673469387755584e-02
-9.137055837563452798e-02
-9.137055837563452798e-02
-9.137055837563452798e-02
-9.137055837563452798e-02
-9.137055837563452798e-02
-9.090909090909091161e-02
-9.090909090909091161e-02
-9.090909090909091161e-02
-9.090909090909091161e-02
-9.090909090909091161e-02
-9.045226130653266639e-02
-9.045226130653266639e-02
-9.045226130653266639e-02
-9.045226130653266639e-02
-9.045226130653266639e-02
-8.999999999999999667e-02
-8.999999999999999667e-02
-8.999999999999999667e-02
-8.999999999999999667e-02
-8.999999999999999667e-02
-8.955223880597015795e-02
-8.955223880597015795e-02
-8.955223880597015795e-02
-8.955223880597015795e-02
-8.955223880597015795e-02
-8.910891089108910479e-02
-8.910891089108910479e-02
-8.910891089108910479e-02
-1.188118811881188203e-01
-1.188118811881188203e-01
-1.182266009852216831e-01
-8.866995073891625889e-02
-8.866995073891625889e-02
-8.866995073891625889e-02
-8.866995073891625889e-02
-8.823529411764706454e-02
-8.823529411764706454e-02
-8.823529411764706454e-02
-8.823529411764706454e-02
-8.823529411764706454e-02
-8.780487804878049640e-02
-8.780487804878049640e-02
-8.780487804878049640e-02
-8.780487804878049640e-02
-8.780487804878049640e-02
-8.737864077669903196e-02
-8.737864077669903196e-02
-8.737864077669903196e-02
-8.737864077669903196e-02
-8.737864077669903196e-02
-8.695652173913044625e-02
-8.695652173913044625e-02
-8.695652173913044625e-02
-8.695652173913044625e-02
-8.695652173913044625e-02
-8.653846153846155020e-02
-8.653846153846155020e-02
-8.653846153846155020e-02
-8.653846153846155020e-02
-8.653846153846155020e-02
-8.612440191387560340e-02
-8.612440191387560340e-02
-8.612440191387560340e-02
-8.612440191387560340e-02
-8.612440191387560340e-02
-8.571428571428571508e-02
-8.571428571428571508e-02
-8.571428571428571508e-02
-8.571428571428571508e-02
-8.571428571428571508e-02
-8.530805687203792120e-02
-8.530805687203792120e-02
-8.530805687203792120e-02
-8.530805687203792120e-02
-8.530805687203792120e-02
-8.490566037735849947e-02
-8.490566037735849947e-02
-8.490566037735849947e-02
-8.490566037735849947e-02
-8.490566037735849947e-02
-8.450704225352113907e-02
-8.450704225352113907e-02
-8.450704225352113907e-02
-8.450704225352113907e-02
-8.450704225352113907e-02
-8.411214953271028971e-02
-8.411214953271028971e-02
-8.411214953271028971e-02
-8.411214953271028971e-02
-8.411214953271028971e-02
-8.372093023255813837e-02
-8.372093023255813837e-02
-8.372093023255813837e-02
-8.372093023255813837e-02
-8.372093023255813837e-02
-8.333333333333332871e-02
-8.333333333333332871e-02
-8.333333333333332871e-02
-8.333333333333332871e-02
-1.111111111111111049e-01
-1.105990783410138317e-01
-1.105990783410138317e-01
-1.105990783410138317e-01
-1.105990783410138317e-01
-1.105990783410138317e-01
-1.100917431192660612e-01
-1.100917431192660612e-01
-1.100917431192660612e-01
-1.100917431192660612e-01
-1.100917431192660612e-01
-1.095890410958904049e-01
-1.095890410958904049e-01
-8.219178082191780366e-02
-8.219178082191780366e-02
-8.219178082191780366e-02
-8.181818181818181768e-02
-8.181818181818181768e-02
-8.181818181818181768e-02
-8.181818181818181768e-02
-8.181818181818181768e-02
-8.144796380090497945e-02
-8.144796380090497945e-02
-8.144796380090497945e-02
-8.144796380090497945e-02
-8.144796380090497945e-02
-8.108108108108108558e-02
-8.108108108108108558e-02
-8.108108108108108558e-02
-8.108108108108108558e-02
-8.108108108108108558e-02
-8.071748878923767911e-02
-8.071748878923767911e-02
-8.071748878923767911e-02
-8.071748878923767911e-02
-8.071748878923767911e-02
-8.035714285714286309e-02
-8.035714285714286309e-02
-8.035714285714286309e-02
-8.035714285714286309e-02
-8.035714285714286309e-02
-8.000000000000001554e-02
-8.000000000000001554e-02
-8.000000000000001554e-02
-8.000000000000001554e-02
-8.000000000000001554e-02
-7.964601769911504314e-02
-7.964601769911504314e-02
-7.964601769911504314e-02
-7.964601769911504314e-02
-7.964601769911504314e-02
-7.929515418502203206e-02
-7.929515418502203206e-02
-7.929515418502203206e-02
-7.929515418502203206e-02
-7.929515418502203206e-02
-7.894736842105262720e-02
-7.894736842105262720e-02
-7.894736842105262720e-02
-7.894736842105262720e-02
-7.894736842105262720e-02
-7.860262008733624739e-02
-7.860262008733624739e-02
-7.860262008733624739e-02
-7.860262008733624739e-02
-7.860262008733624739e-02
-7.826086956521739746e-02
-7.826086956521739746e-02
-7.826086956521739746e-02
-7.826086956521739746e-02
-7.826086956521739746e-02
-7.792207792207793415e-02
-7.792207792207793415e-02
-1.038961038961039030e-01
-1.038961038961039030e-01
-1.038961038961039030e-01
-1.034482758620689641e-01
-1.034482758620689641e-01
-1.034482758620689641e-01
-1.034482758620689641e-01
-1.034482758620689641e-01
-1.030042918454935619e-01
-1.030042918454935619e-01
-1.030042918454935619e-01
-1.030042918454935619e-01
-1.030042918454935619e-01
-1.025641025641025744e-01
-1.025641025641025744e-01
-1.025641025641025744e-01
-1.025641025641025744e-01
-1.025641025641025744e-01
-1.021276595744680937e-01
-1.021276595744680937e-01
-1.021276595744680937e-01
-1.021276595744680937e-01
-7.659574468085106336e-02
-7.627118644067797104e-02
-7.627118644067797104e-02
-7.627118644067797104e-02
-7.627118644067797104e-02
-7.627118644067797104e-02
-7.594936708860759722e-02
-7.594936708860759722e-02
-7.594936708860759722e-02
-7.594936708860759722e-02
-7.594936708860759722e-02
-7.563025210084034500e-02
-7.563025210084034500e-02
-7.563025210084034500e-02
-7.563025210084034500e-02
-7.563025210084034500e-02
-7.531380753138075534e-02
-7.531380753138075534e-02
-7.531380753138075534e-02
-7.531380753138075534e-02
-7.531380753138075534e-02
-7.500000000000001110e-02
-7.500000000000001110e-02
-7.500000000000001110e-02
-7.500000000000001110e-02
-7.500000000000001110e-02
-7.468879668049792364e-02
-7.468879668049792364e-02
-7.468879668049792364e-02
-7.468879668049792364e-02
-7.468879668049792364e-02
-7.438016528925620041e-02
-7.438016528925620041e-02
-7.438016528925620041e-02
-7.438016528925620041e-02
-7.438016528925620041e-02
-7.407407407407406996e-02
-7.407407407407406996e-02
-7.407407407407406996e-02
-7.407407407407406996e-02
-7.407407407407406996e-02
-7.377049180327868716e-02
-7.377049180327868716e-02
-7.377049180327868716e-02
-7.377049180327868716e-02
-7.377049180327868716e-02
-7.346938775510204744e-02
-7.346938775510204744e-02
-7.346938775510204744e-02
-7.346938775510204744e-02
-7.346938775510204744e-02
-7.317073170731708265e-02
-7.317073170731708265e-02
-9.756097560975611482e-02
-9.756097560975611482e-02
-9.756097560975611482e-02
-9.716599190283400911e-02
-9.716599190283400911e-02
-9.716599190283400911e-02
-9.716599190283400911e-02
-9.716599190283400911e-02
-9.677419354838709409e-02
-9.677419354838709409e-02
-9.677419354838709409e-02
-9.677419354838709409e-02
-9.677419354838709409e-02
-9.638554216867468993e-02
-9.638554216867468993e-02
-9.638554216867468993e-02
-9.638554216867468993e-02
-9.638554216867468993e-02
-9.600000000000000200e-02
-9.600000000000000200e-02
-9.600000000000000200e-02
-9.600000000000000200e-02
-9.600000000000000200e-02
-9.561752988047808599e-02
-9.561752988047808599e-02
-9.561752988047808599e-02
-9.561752988047808599e-02
-9.561752988047808599e-02
-9.523809523809523281e-02
-9.523809523809523281e-02
-9.523809523809523281e-02
-9.523809523809523281e-02
-9.523809523809523281e-02
-9.486166007905137698e-02
-7.114624505928854314e-02
-7.114624505928854314e-02
-7.114624505928854314e-02
-7.114624505928854314e-02
-7.086614173228346358e-02
-7.086614173228346358e-02
-7.086614173228346358e-02
-7.086614173228346358e-02
-7.086614173228346358e-02
-7.058823529411764608e-02
-7.058823529411764608e-02
-7.058823529411764608e-02
-7.058823529411764608e-02
-7.058823529411764608e-02
-7.031250000000000000e-02
-7.031250000000000000e-02
-7.031250000000000000e-02
-7.031250000000000000e-02
-7.031250000000000000e-02
-7.003891050583657685e-02
-7.003891050583657685e-02
-7.003891050583657685e-02
-7.003891050583657685e-02
-7.003891050583657685e-02
-6.976744186046511531e-02
-6.976744186046511531e-02
-6.976744186046511531e-02
-6.976744186046511531e-02
-6.976744186046511531e-02
-6.949806949806949796e-02
-6.949806949806949796e-02
-6.949806949806949796e-02
-6.949806949806949796e-02
-6.949806949806949796e-02
-6.923076923076923461e-02
-6.923076923076923461e-02
-6.923076923076923461e-02
-6.923076923076923461e-02
-6.923076923076923461e-02
-6.896551724137930939e-02
-6.896551724137930939e-02
-6.896551724137930939e-02
-9.195402298850574585e-02
-9.195402298850574585e-02
-9.160305343511450371e-02
-9.160305343511450371e-02
-9.160305343511450371e-02
-9.160305343511450371e-02
-9.160305343511450371e-02
-9.125475285171102957e-02
-9.125475285171102957e-02
-9.125475285171102957e-02
-9.125475285171102957e-02
-9.125475285171102957e-02
-9.090909090909091161e-02
-9.090909090909091161e-02
-9.090909090909091161e-02
-9.090909090909091161e-02
-9.090909090909091161e-02
-9.056603773584906425e-02
-9.056603773584906425e-02
-9.056603773584906425e-02
-9.056603773584906425e-02
-9.056603773584906425e-02
-9.022556390977443108e-02
-9.022556390977443108e-02
-9.022556390977443108e-02
-9.022556390977443108e-02
-9.022556390977443108e-02
-8.988764044943821363e-02
-8.988764044943821363e-02
-8.988764044943821363e-02
-8.988764044943821363e-02
-8.988764044943821363e-02
-8.955223880597015795e-02
-8.955223880597015795e-02
-8.955223880597015795e-02
-8.955223880597015795e-02
-8.955223880597015795e-02
-8.921933085501858318e-02
-8.921933085501858318e-02
-8.921933085501858318e-02
-8.921933085501858318e-02
-8.921933085501858318e-02
-8.888888888888889228e-02
-8.888888888888889228e-02
-8.888888888888889228e-02
-8.888888888888889228e-02
-6.666666666666667962e-02
-6.642066420664206883e-02
-6.642066420664206883e-02
-6.642066420664206883e-02
-6.642066420664206883e-02
-6.642066420664206883e-02
-6.617647058823530881e-02
-6.617647058823530881e-02
-6.617647058823530881e-02
-6.617647058823530881e-02
-6.617647058823530881e-02
-6.593406593406594962e-02
-6.593406593406594962e-02
-6.593406593406594962e-02
-6.593406593406594962e-02
-6.593406593406594962e-02
-6.569343065693430961e-02
-6.569343065693430961e-02
-6.569343065693430961e-02
-6.569343065693430961e-02
-6.569343065693430961e-02
-6.545454545454545969e-02
-6.545454545454545969e-02
-6.545454545454545969e-02
-6.545454545454545969e-02
-6.545454545454545969e-02
-6.521739130434782428e-02
-6.521739130434782428e-02
-6.521739130434782428e-02
-6.521739130434782428e-02
-6.521739130434782428e-02
-6.498194945848376203e-02
-8.664259927797834937e-02
-8.664259927797834937e-02
-8.664259927797834937e-02
-8.664259927797834937e-02
-8.633093525179856564e-02
-8.633093525179856564e-02
-8.633093525179856564e-02
-8.633093525179856564e-02
-8.633093525179856564e-02
-8.602150537634409289e-02
-8.602150537634409289e-02
-8.602150537634409289e-02
-8.602150537634409289e-02
-8.602150537634409289e-02
-8.571428571428571508e-02
-8.571428571428571508e-02
-8.571428571428571508e-02
-8.571428571428571508e-02
-8.571428571428571508e-02
-8.540925266903914848e-02
-8.540925266903914848e-02
-8.540925266903914848e-02
-8.540925266903914848e-02
-8.540925266903914848e-02
-8.510638297872340219e-02
-8.510638297872340219e-02
-8.510638297872340219e-02
-8.510638297872340219e-02
-8.510638297872340219e-02
-8.480565371024735566e-02
-8.480565371024735566e-02
-8.480565371024735566e-02
-8.480565371024735566e-02
-8.480565371024735566e-02
-8.450704225352113907e-02
-8.450704225352113907e-02
-8.450704225352113907e-02
-8.450704225352113907e-02
-8.450704225352113907e-02
-8.421052631578948566e-02
-8.421052631578948566e-02
-8.421052631578948566e-02
-8.421052631578948566e-02
-8.421052631578948566e-02
-8.391608391608391948e-02
-8.391608391608391948e-02
-8.391608391608391948e-02
-8.391608391608391948e-02
-8.391608391608391948e-02
-8.362369337979094763e-02
-8.362369337979094763e-02
-8.362369337979094763e-02
-8.362369337979094763e-02
-8.362369337979094763e-02
-8.333333333333332871e-02
-8.333333333333332871e-02
-8.333333333333332871e-02
-8.333333333333332871e-02
-8.333333333333332871e-02
-8.304498269896194718e-02
-6.228373702422144997e-02
-6.228373702422144997e-02
-6.228373702422144997e-02
-6.228373702422144997e-02
-6.206896551724137845e-02
-6.206896551724137845e-02
-6.206896551724137845e-02
-6.206896551724137845e-02
-6.206896551724137845e-02
-6.185567010309278579e-02
-6.185567010309278579e-02
-6.185567010309278579e-02
-6.185567010309278579e-02
-6.185567010309278579e-02
-6.164383561643835274e-02
-6.164383561643835274e-02
-6.164383561643835274e-02
-6.164383561643835274e-02
-6.164383561643835274e-02
-8.191126279863482351e-02
-8.191126279863482351e-02
-8.191126279863482351e-02
-8.191126279863482351e-02
-8.191126279863482351e-02
-8.163265306122449716e-02
-8.163265306122449716e-02
-8.163265306122449716e-02
-8.163265306122449716e-02
-8.163265306122449716e-02
-8.135593220338983855e-02
-8.135593220338983855e-02
-8.135593220338983855e-02
-8.135593220338983855e-02
-8.135593220338983855e-02
-8.108108108108108558e-02
-8.108108108108108558e-02
-8.108108108108108558e-02
-8.108108108108108558e-02
-8.108108108108108558e-02
-8.080808080808081495e-02
-8.080808080808081495e-02
-8.080808080808081495e-02
-8.080808080808081495e-02
-8.080808080808081495e-02
-8.053691275167786101e-02
-8.053691275167786101e-02
-8.053691275167786101e-02
-8.053691275167786101e-02
-8.053691275167786101e-02
-8.026755852842809569e-02
-8.026755852842809569e-02
-8.026755852842809569e-02
-8.026755852842809569e-02
-8.026755852842809569e-02
-8.000000000000001554e-02
-8.000000000000001554e-02
-8.000000000000001554e-02
-8.000000000000001554e-02
-8.000000000000001554e-02
-7.973421926910299884e-02
-7.973421926910299884e-02
-7.973421926910299884e-02
-7.973421926910299884e-02
-7.973421926910299884e-02
-7.947019867549669214e-02
-7.947019867549669214e-02
-7.947019867549669214e-02
-7.947019867549669214e-02
-7.947019867549669214e-02
-7.920792079207920888e-02
-7.920792079207920888e-02
-7.920792079207920888e-02
-7.920792079207920888e-02
-7.920792079207920888e-02
-7.894736842105262720e-02
-7.894736842105262720e-02
-7.894736842105262720e-02
-7.894736842105262720e-02
-7.894736842105262720e-02
-7.868852459016394130e-02
-7.868852459016394130e-02
-7.868852459016394130e-02
-7.868852459016394130e-02
-7.868852459016394130e-02
-7.843137254901962063e-02
-7.843137254901962063e-02
-7.843137254901962063e-02
-7.843137254901962063e-02
-7.843137254901962063e-02
-7.817589576547231967e-02
-7.817589576547231967e-02
-7.817589576547231967e-02
-7.817589576547231967e-02
-5.863192182410423281e-02
-5.844155844155844021e-02
-5.844155844155844021e-02
-5.844155844155844021e-02
-5.844155844155844021e-02
-5.844155844155844021e-02
-5.825242718446601436e-02
-7.766990291262136636e-02
-7.766990291262136636e-02
-7.766990291262136636e-02
-7.766990291262136636e-02
-7.741935483870968082e-02
-7.741935483870968082e-02
-7.741935483870968082e-02
-7.741935483870968082e-02
-7.741935483870968082e-02
-7.717041800643087424e-02
-7.717041800643087424e-02
-7.717041800643087424e-02
-7.717041800643087424e-02
-7.717041800643087424e-02
-7.692307692307692735e-02
-7.692307692307692735e-02
-7.692307692307692735e-02
-7.692307692307692735e-02
-7.692307692307692735e-02
-7.667731629392970927e-02
-7.667731629392970927e-02
-7.667731629392970927e-02
-7.667731629392970927e-02
-7.667731629392970927e-02
-7.643312101910829104e-02
-7.643312101910829104e-02
-7.643312101910829104e-02
-7.643312101910829104e-02
-7.643312101910829104e-02
-7.619047619047619735e-02
-7.619047619047619735e-02
-7.619047619047619735e-02
-7.619047619047619735e-02
-7.619047619047619735e-02
-7.594936708860759722e-02
-7.594936708860759722e-02
-7.594936708860759722e-02
-7.594936708860759722e-02
-7.594936708860759722e-02
-7.570977917981072669e-02
-7.570977917981072669e-02
-7.570977917981072669e-02
-7.570977917981072669e-02
-7.570977917981072669e-02
-7.547169811320755817e-02
-7.547169811320755817e-02
-7.547169811320755817e-02
-7.547169811320755817e-02
-7.547169811320755817e-02
-7.523510971786834256e-02
-7.523510971786834256e-02
-7.523510971786834256e-02
-7.523510971786834256e-02
-7.523510971786834256e-02
-7.500000000000001110e-02
-7.500000000000001110e-02
-7.500000000000001110e-02
-7.500000000000001110e-02
-7.500000000000001110e-02
-7.476635514018692419e-02
-7.476635514018692419e-02
-7.476635514018692419e-02
-7.476635514018692419e-02
-7.476635514018692419e-02
-7.453416149068323171e-02
-7.453416149068323171e-02
-7.453416149068323171e-02
-7.453416149068323171e-02
-7.453416149068323171e-02
-7.430340557275542934e-02
-7.430340557275542934e-02
-7.430340557275542934e-02
-7.430340557275542934e-02
-7.430340557275542934e-02
-7.407407407407406996e-02
-7.407407407407406996e-02
-7.407407407407406996e-02
-7.407407407407406996e-02
-7.407407407407406996e-02
-7.384615384615385303e-02
-7.384615384615385303e-02
-9.230769230769231282e-02
-9.230769230769231282e-02
-9.230769230769231282e-02
-9.202453987730062346e-02
-9.202453987730062346e-02
-9.202453987730062346e-02
-9.202453987730062346e-02
-7.361963190184049599e-02
-7.339449541284404077e-02
-7.339449541284404077e-02
-7.339449541284404077e-02
-7.339449541284404077e-02
-7.339449541284404077e-02
-7.317073170731708265e-02
-7.317073170731708265e-02
-7.317073170731708265e-02
-7.317073170731708265e-02
-7.317073170731708265e-02
-7.294832826747721377e-02
-7.294832826747721377e-02
-7.294832826747721377e-02
-7.294832826747721377e-02
-7.294832826747721377e-02
-7.272727272727273762e-02
-7.272727272727273762e-02
-7.272727272727273762e-02
-7.272727272727273762e-02
-7.272727272727273762e-02
-7.250755287009064132e-02
-7.250755287009064132e-02
-7.250755287009064132e-02
-7.250755287009064132e-02
-7.250755287009064132e-02
-7.228915662650603480e-02
-7.228915662650603480e-02
-7.228915662650603480e-02
-7.228915662650603480e-02
-7.228915662650603480e-02
-7.207207207207207145e-02
-7.207207207207207145e-02
-7.207207207207207145e-02
-7.207207207207207145e-02
-7.207207207207207145e-02
-7.185628742514971190e-02
-7.185628742514971190e-02
-7.185628742514971190e-02
-7.185628742514971190e-02
-7.185628742514971190e-02
-7.164179104477612359e-02
-7.164179104477612359e-02
-7.164179104477612359e-02
-7.164179104477612359e-02
-7.164179104477612359e-02
-7.142857142857142461e-02
-7.142857142857142461e-02
-7.142857142857142461e-02
-7.142857142857142461e-02
-7.142857142857142461e-02
-7.121661721068249518e-02
-7.121661721068249518e-02
-7.121661721068249518e-02
-7.121661721068249518e-02
-7.121661721068249518e-02
-7.100591715976331542e-02
-7.100591715976331542e-02
-7.100591715976331542e-02
-7.100591715976331542e-02
-7.100591715976331542e-02
-7.079646017699114946e-02
-7.079646017699114946e-02
-7.079646017699114946e-02
-7.079646017699114946e-02
-7.079646017699114946e-02
-7.058823529411764608e-02
-7.058823529411764608e-02
-7.058823529411764608e-02
-7.058823529411764608e-02
-7.058823529411764608e-02
-7.038123167155425908e-02
-7.038123167155425908e-02
-7.038123167155425908e-02
-7.038123167155425908e-02
-7.038123167155425908e-02
-8.771929824561403022e-02
-8.771929824561403022e-02
-8.771929824561403022e-02
-8.771929824561403022e-02
-8.771929824561403022e-02
-8.746355685131194935e-02
-8.746355685131194935e-02
-8.746355685131194935e-02
-8.746355685131194935e-02
-8.746355685131194935e-02
-8.720930232558139761e-02
-8.720930232558139761e-02
-8.720930232558139761e-02
-8.720930232558139761e-02
-8.720930232558139761e-02
-8.695652173913044625e-02
-8.695652173913044625e-02
-8.695652173913044625e-02
-8.695652173913044625e-02
-8.695652173913044625e-02
-8.670520231213872664e-02
-8.670520231213872664e-02
-6.936416184971098964e-02
-6.936416184971098964e-02
-6.936416184971098964e-02
-6.916426512968300300e-02
-6.916426512968300300e-02
-6.916426512968300300e-02
-6.916426512968300300e-02
-6.916426512968300300e-02
-6.896551724137930939e-02
-6.896551724137930939e-02
-6.896551724137930939e-02
-6.896551724137930939e-02
-6.896551724137930939e-02
-6.876790830945558874e-02
-6.876790830945558874e-02
-6.876790830945558874e-02
-6.876790830945558874e-02
-6.876790830945558874e-02
-6.857142857142857484e-02
-6.857142857142857484e-02
-6.857142857142857484e-02
-6.857142857142857484e-02
-6.857142857142857484e-02
-6.837606837606838295e-02
-6.837606837606838295e-02
-6.837606837606838295e-02
-6.837606837606838295e-02
-6.837606837606838295e-02
-6.818181818181819065e-02
-6.818181818181819065e-02
-6.818181818181819065e-02
-6.818181818181819065e-02
-6.818181818181819065e-02
-6.798866855524079988e-02
-6.798866855524079988e-02
-6.798866855524079988e-02
-6.798866855524079988e-02
-6.798866855524079988e-02
-6.779661016949152519e-02
-6.779661016949152519e-02
-6.779661016949152519e-02
-6.779661016949152519e-02
-6.779661016949152519e-02
-6.760563380281690848e-02
-6.760563380281690848e-02
-6.760563380281690848e-02
-6.760563380281690848e-02
-6.760563380281690848e-02
-6.741573033707864981e-02
-6.741573033707864981e-02
-6.741573033707864981e-02
-6.741573033707864981e-02
-6.741573033707864981e-02
-6.722689075630253197e-02
-6.722689075630253197e-02
-6.722689075630253197e-02
-6.722689075630253197e-02
-6.722689075630253197e-02
-6.703910614525140921e-02
-6.703910614525140921e-02
-6.703910614525140921e-02
-6.703910614525140921e-02
-8.379888268156424069e-02
-8.356545961002785627e-02
-8.356545961002785627e-02
-8.356545961002785627e-02
-8.356545961002785627e-02
-8.356545961002785627e-02
