3.500000000000000000e+00
3.669999999999999929e+00
3.830000000000000071e+00
4.000000000000000000e+00
4.169999999999999929e+00
4.330000000000000071e+00
4.500000000000000000e+00
4.669999999999999929e+00
4.830000000000000071e+00
5.000000000000000000e+00
5.169999999999999929e+00
5.330000000000000071e+00
5.500000000000000000e+00
5.669999999999999929e+00
5.830000000000000071e+00
6.000000000000000000e+00
6.169999999999999929e+00
6.330000000000000071e+00
6.500000000000000000e+00
6.669999999999999929e+00
6.830000000000000071e+00
7.000000000000000000e+00
7.169999999999999929e+00
7.330000000000000071e+00
7.500000000000000000e+00
7.669999999999999929e+00
7.830000000000000071e+00
8.000000000000000000e+00
8.169999999999999929e+00
8.330000000000000071e+00
8.500000000000000000e+00
8.669999999999999929e+00
8.830000000000000071e+00
9.000000000000000000e+00
9.169999999999999929e+00
9.330000000000000071e+00
9.500000000000000000e+00
9.669999999999999929e+00
9.830000000000000071e+00
1.000000000000000000e+01
1.016999999999999993e+01
1.033000000000000007e+01
1.050000000000000000e+01
1.066999999999999993e+01
1.083000000000000007e+01
1.100000000000000000e+01
1.116999999999999993e+01
1.133000000000000007e+01
1.150000000000000000e+01
1.166999999999999993e+01
1.183000000000000007e+01
1.200000000000000000e+01
1.216999999999999993e+01
1.233000000000000007e+01
1.250000000000000000e+01
1.266999999999999993e+01
1.283000000000000007e+01
1.300000000000000000e+01
1.316999999999999993e+01
1.333000000000000007e+01
1.350000000000000000e+01
1.366999999999999993e+01
1.383000000000000007e+01
1.400000000000000000e+01
1.416999999999999993e+01
1.433000000000000007e+01
1.450000000000000000e+01
1.466999999999999993e+01
1.483000000000000007e+01
1.500000000000000000e+01
1.516999999999999993e+01
1.533000000000000007e+01
1.550000000000000000e+01
1.566999999999999993e+01
1.583000000000000007e+01
1.600000000000000000e+01
1.617000000000000171e+01
1.632999999999999829e+01
1.650000000000000000e+01
1.667000000000000171e+01
1.682999999999999829e+01
1.700000000000000000e+01
1.717000000000000171e+01
1.732999999999999829e+01
1.750000000000000000e+01
1.767000000000000171e+01
1.782999999999999829e+01
1.800000000000000000e+01
1.817000000000000171e+01
1.832999999999999829e+01
1.850000000000000000e+01
1.867000000000000171e+01
1.882999999999999829e+01
1.900000000000000000e+01
1.917000000000000171e+01
1.932999999999999829e+01
1.950000000000000000e+01
1.967000000000000171e+01
1.982999999999999829e+01
2.000000000000000000e+01
2.017000000000000171e+01
2.032999999999999829e+01
2.050000000000000000e+01
2.067000000000000171e+01
2.082999999999999829e+01
2.100000000000000000e+01
2.117000000000000171e+01
2.132999999999999829e+01
2.150000000000000000e+01
2.167000000000000171e+01
2.182999999999999829e+01
2.200000000000000000e+01
2.217000000000000171e+01
2.232999999999999829e+01
2.250000000000000000e+01
2.267000000000000171e+01
2.282999999999999829e+01
2.300000000000000000e+01
2.317000000000000171e+01
2.332999999999999829e+01
2.350000000000000000e+01
2.367000000000000171e+01
2.382999999999999829e+01
2.400000000000000000e+01
2.417000000000000171e+01
2.432999999999999829e+01
2.450000000000000000e+01
2.467000000000000171e+01
2.482999999999999829e+01
2.500000000000000000e+01
2.517000000000000171e+01
2.532999999999999829e+01
2.550000000000000000e+01
2.567000000000000171e+01
2.582999999999999829e+01
2.600000000000000000e+01
2.617000000000000171e+01
2.632999999999999829e+01
2.650000000000000000e+01
2.667000000000000171e+01
2.682999999999999829e+01
2.700000000000000000e+01
2.717000000000000171e+01
2.732999999999999829e+01
2.750000000000000000e+01
2.767000000000000171e+01
2.782999999999999829e+01
2.800000000000000000e+01
2.817000000000000171e+01
2.832999999999999829e+01
2.850000000000000000e+01
2.867000000000000171e+01
2.882999999999999829e+01
2.900000000000000000e+01
2.917000000000000171e+01
2.932999999999999829e+01
2.950000000000000000e+01
2.967000000000000171e+01
2.982999999999999829e+01
3.000000000000000000e+01
3.017000000000000171e+01
3.032999999999999829e+01
3.050000000000000000e+01
3.067000000000000171e+01
3.082999999999999829e+01
3.100000000000000000e+01
3.117000000000000171e+01
3.132999999999999829e+01
3.150000000000000000e+01
3.167000000000000171e+01
3.182999999999999829e+01
3.200000000000000000e+01
3.217000000000000171e+01
3.232999999999999829e+01
3.250000000000000000e+01
3.267000000000000171e+01
3.282999999999999829e+01
3.300000000000000000e+01
3.317000000000000171e+01
3.332999999999999829e+01
3.350000000000000000e+01
3.367000000000000171e+01
3.382999999999999829e+01
3.400000000000000000e+01
3.417000000000000171e+01
3.432999999999999829e+01
3.450000000000000000e+01
3.467000000000000171e+01
3.482999999999999829e+01
3.500000000000000000e+01
3.517000000000000171e+01
3.532999999999999829e+01
3.550000000000000000e+01
3.567000000000000171e+01
3.582999999999999829e+01
3.600000000000000000e+01
3.617000000000000171e+01
3.632999999999999829e+01
3.650000000000000000e+01
3.667000000000000171e+01
3.682999999999999829e+01
3.700000000000000000e+01
3.717000000000000171e+01
3.732999999999999829e+01
3.750000000000000000e+01
3.767000000000000171e+01
3.782999999999999829e+01
3.800000000000000000e+01
3.817000000000000171e+01
3.832999999999999829e+01
3.850000000000000000e+01
3.867000000000000171e+01
3.882999999999999829e+01
3.900000000000000000e+01
3.917000000000000171e+01
3.932999999999999829e+01
3.950000000000000000e+01
3.967000000000000171e+01
3.982999999999999829e+01
4.000000000000000000e+01
4.017000000000000171e+01
4.032999999999999829e+01
4.050000000000000000e+01
4.067000000000000171e+01
4.082999999999999829e+01
4.100000000000000000e+01
4.117000000000000171e+01
4.132999999999999829e+01
4.150000000000000000e+01
4.167000000000000171e+01
4.182999999999999829e+01
4.200000000000000000e+01
4.217000000000000171e+01
4.232999999999999829e+01
4.250000000000000000e+01
4.267000000000000171e+01
4.282999999999999829e+01
4.300000000000000000e+01
4.317000000000000171e+01
4.332999999999999829e+01
4.350000000000000000e+01
4.367000000000000171e+01
4.382999999999999829e+01
4.400000000000000000e+01
4.417000000000000171e+01
4.432999999999999829e+01
4.450000000000000000e+01
4.467000000000000171e+01
4.482999999999999829e+01
4.500000000000000000e+01
4.517000000000000171e+01
4.532999999999999829e+01
4.550000000000000000e+01
4.567000000000000171e+01
4.582999999999999829e+01
4.600000000000000000e+01
4.617000000000000171e+01
4.632999999999999829e+01
4.650000000000000000e+01
4.667000000000000171e+01
4.682999999999999829e+01
4.700000000000000000e+01
4.717000000000000171e+01
4.732999999999999829e+01
4.750000000000000000e+01
4.767000000000000171e+01
4.782999999999999829e+01
4.800000000000000000e+01
4.817000000000000171e+01
4.832999999999999829e+01
4.850000000000000000e+01
4.867000000000000171e+01
4.882999999999999829e+01
4.900000000000000000e+01
4.917000000000000171e+01
4.932999999999999829e+01
4.950000000000000000e+01
4.967000000000000171e+01
4.982999999999999829e+01
5.000000000000000000e+01
5.017000000000000171e+01
5.032999999999999829e+01
5.050000000000000000e+01
5.067000000000000171e+01
5.082999999999999829e+01
5.100000000000000000e+01
5.117000000000000171e+01
5.132999999999999829e+01
5.150000000000000000e+01
5.167000000000000171e+01
5.182999999999999829e+01
5.200000000000000000e+01
5.217000000000000171e+01
5.232999999999999829e+01
5.250000000000000000e+01
5.267000000000000171e+01
5.282999999999999829e+01
5.300000000000000000e+01
5.317000000000000171e+01
5.332999999999999829e+01
5.350000000000000000e+01
5.367000000000000171e+01
5.382999999999999829e+01
5.400000000000000000e+01
5.417000000000000171e+01
5.432999999999999829e+01
5.450000000000000000e+01
5.467000000000000171e+01
5.482999999999999829e+01
5.500000000000000000e+01
5.517000000000000171e+01
5.532999999999999829e+01
5.550000000000000000e+01
5.567000000000000171e+01
5.582999999999999829e+01
5.600000000000000000e+01
5.617000000000000171e+01
5.632999999999999829e+01
5.650000000000000000e+01
5.667000000000000171e+01
5.682999999999999829e+01
5.700000000000000000e+01
5.717000000000000171e+01
5.732999999999999829e+01
5.750000000000000000e+01
5.767000000000000171e+01
5.782999999999999829e+01
5.800000000000000000e+01
5.817000000000000171e+01
5.832999999999999829e+01
5.850000000000000000e+01
5.867000000000000171e+01
5.882999999999999829e+01
5.900000000000000000e+01
5.917000000000000171e+01
5.932999999999999829e+01
5.950000000000000000e+01
5.967000000000000171e+01
5.982999999999999829e+01
6.000000000000000000e+01
6.017000000000000171e+01
6.032999999999999829e+01
6.050000000000000000e+01
6.067000000000000171e+01
6.082999999999999829e+01
6.100000000000000000e+01
6.117000000000000171e+01
6.132999999999999829e+01
6.150000000000000000e+01
6.167000000000000171e+01
6.182999999999999829e+01
6.200000000000000000e+01
6.217000000000000171e+01
6.232999999999999829e+01
6.250000000000000000e+01
6.267000000000000171e+01
6.282999999999999829e+01
6.300000000000000000e+01
6.317000000000000171e+01
6.332999999999999829e+01
6.350000000000000000e+01
6.367000000000000171e+01
6.382999999999999829e+01
6.400000000000000000e+01
6.417000000000000171e+01
6.432999999999999829e+01
6.450000000000000000e+01
6.467000000000000171e+01
6.482999999999999829e+01
6.500000000000000000e+01
6.517000000000000171e+01
6.532999999999999829e+01
6.550000000000000000e+01
6.567000000000000171e+01
6.582999999999999829e+01
6.600000000000000000e+01
6.617000000000000171e+01
6.632999999999999829e+01
6.650000000000000000e+01
6.667000000000000171e+01
6.682999999999999829e+01
6.700000000000000000e+01
6.717000000000000171e+01
6.732999999999999829e+01
6.750000000000000000e+01
6.767000000000000171e+01
6.782999999999999829e+01
6.800000000000000000e+01
6.817000000000000171e+01
6.832999999999999829e+01
6.850000000000000000e+01
6.867000000000000171e+01
6.882999999999999829e+01
6.900000000000000000e+01
6.917000000000000171e+01
6.932999999999999829e+01
6.950000000000000000e+01
6.967000000000000171e+01
6.982999999999999829e+01
7.000000000000000000e+01
7.017000000000000171e+01
7.032999999999999829e+01
7.050000000000000000e+01
7.067000000000000171e+01
7.082999999999999829e+01
7.100000000000000000e+01
7.117000000000000171e+01
7.132999999999999829e+01
7.150000000000000000e+01
7.167000000000000171e+01
7.182999999999999829e+01
7.200000000000000000e+01
7.217000000000000171e+01
7.232999999999999829e+01
7.250000000000000000e+01
7.267000000000000171e+01
7.282999999999999829e+01
7.300000000000000000e+01
7.317000000000000171e+01
7.332999999999999829e+01
7.350000000000000000e+01
7.367000000000000171e+01
7.382999999999999829e+01
7.400000000000000000e+01
7.417000000000000171e+01
7.432999999999999829e+01
7.450000000000000000e+01
7.467000000000000171e+01
7.482999999999999829e+01
7.500000000000000000e+01
7.517000000000000171e+01
7.532999999999999829e+01
7.550000000000000000e+01
7.567000000000000171e+01
7.582999999999999829e+01
7.600000000000000000e+01
7.617000000000000171e+01
7.632999999999999829e+01
7.650000000000000000e+01
7.667000000000000171e+01
7.682999999999999829e+01
7.700000000000000000e+01
7.717000000000000171e+01
7.732999999999999829e+01
7.750000000000000000e+01
7.767000000000000171e+01
7.782999999999999829e+01
7.800000000000000000e+01
7.817000000000000171e+01
7.832999999999999829e+01
7.850000000000000000e+01
7.867000000000000171e+01
7.882999999999999829e+01
7.900000000000000000e+01
7.917000000000000171e+01
7.932999999999999829e+01
7.950000000000000000e+01
7.967000000000000171e+01
7.982999999999999829e+01
8.000000000000000000e+01
8.017000000000000171e+01
8.032999999999999829e+01
8.050000000000000000e+01
8.067000000000000171e+01
8.082999999999999829e+01
8.100000000000000000e+01
8.117000000000000171e+01
8.132999999999999829e+01
8.150000000000000000e+01
8.167000000000000171e+01
8.182999999999999829e+01
8.200000000000000000e+01
8.217000000000000171e+01
8.232999999999999829e+01
8.250000000000000000e+01
8.267000000000000171e+01
8.282999999999999829e+01
8.300000000000000000e+01
8.317000000000000171e+01
8.332999999999999829e+01
8.350000000000000000e+01
8.367000000000000171e+01
8.382999999999999829e+01
8.400000000000000000e+01
8.417000000000000171e+01
8.432999999999999829e+01
8.450000000000000000e+01
8.467000000000000171e+01
8.482999999999999829e+01
8.500000000000000000e+01
8.517000000000000171e+01
8.532999999999999829e+01
8.550000000000000000e+01
8.567000000000000171e+01
8.582999999999999829e+01
8.600000000000000000e+01
8.617000000000000171e+01
8.632999999999999829e+01
8.650000000000000000e+01
8.667000000000000171e+01
8.682999999999999829e+01
8.700000000000000000e+01
8.717000000000000171e+01
8.732999999999999829e+01
8.750000000000000000e+01
8.767000000000000171e+01
8.782999999999999829e+01
8.800000000000000000e+01
8.817000000000000171e+01
8.832999999999999829e+01
8.850000000000000000e+01
8.867000000000000171e+01
8.882999999999999829e+01
8.900000000000000000e+01
8.917000000000000171e+01
8.932999999999999829e+01
8.950000000000000000e+01
8.967000000000000171e+01
8.982999999999999829e+01
9.000000000000000000e+01
9.017000000000000171e+01
9.032999999999999829e+01
9.050000000000000000e+01
9.067000000000000171e+01
9.082999999999999829e+01
9.100000000000000000e+01
9.117000000000000171e+01
9.132999999999999829e+01
9.150000000000000000e+01
9.167000000000000171e+01
9.182999999999999829e+01
9.200000000000000000e+01
9.217000000000000171e+01
9.232999999999999829e+01
9.250000000000000000e+01
9.267000000000000171e+01
9.282999999999999829e+01
9.300000000000000000e+01
9.317000000000000171e+01
9.332999999999999829e+01
9.350000000000000000e+01
9.367000000000000171e+01
9.382999999999999829e+01
9.400000000000000000e+01
9.417000000000000171e+01
9.432999999999999829e+01
9.450000000000000000e+01
9.467000000000000171e+01
9.482999999999999829e+01
9.500000000000000000e+01
9.517000000000000171e+01
9.532999999999999829e+01
9.550000000000000000e+01
9.567000000000000171e+01
9.582999999999999829e+01
9.600000000000000000e+01
9.617000000000000171e+01
9.632999999999999829e+01
9.650000000000000000e+01
9.667000000000000171e+01
9.682999999999999829e+01
9.700000000000000000e+01
9.717000000000000171e+01
9.732999999999999829e+01
9.750000000000000000e+01
9.767000000000000171e+01
9.782999999999999829e+01
9.800000000000000000e+01
9.817000000000000171e+01
9.832999999999999829e+01
9.850000000000000000e+01
9.867000000000000171e+01
9.882999999999999829e+01
9.900000000000000000e+01
9.917000000000000171e+01
9.932999999999999829e+01
9.950000000000000000e+01
9.967000000000000171e+01
9.982999999999999829e+01
1.000000000000000000e+02
1.001700000000000017e+02
1.003299999999999983e+02
1.005000000000000000e+02
1.006700000000000017e+02
1.008299999999999983e+02
1.010000000000000000e+02
1.011700000000000017e+02
1.013299999999999983e+02
1.015000000000000000e+02
1.016700000000000017e+02
1.018299999999999983e+02
1.020000000000000000e+02
1.021700000000000017e+02
1.023299999999999983e+02
1.025000000000000000e+02
1.026700000000000017e+02
1.028299999999999983e+02
1.030000000000000000e+02
1.031700000000000017e+02
1.033299999999999983e+02
1.035000000000000000e+02
1.036700000000000017e+02
1.038299999999999983e+02
1.040000000000000000e+02
1.041700000000000017e+02
1.043299999999999983e+02
1.045000000000000000e+02
1.046700000000000017e+02
1.048299999999999983e+02
1.050000000000000000e+02
1.051700000000000017e+02
1.053299999999999983e+02
1.055000000000000000e+02
1.056700000000000017e+02
1.058299999999999983e+02
1.060000000000000000e+02
1.061700000000000017e+02
1.063299999999999983e+02
1.065000000000000000e+02
1.066700000000000017e+02
1.068299999999999983e+02
1.070000000000000000e+02
1.071700000000000017e+02
1.073299999999999983e+02
1.075000000000000000e+02
1.076700000000000017e+02
1.078299999999999983e+02
1.080000000000000000e+02
1.081700000000000017e+02
1.083299999999999983e+02
1.085000000000000000e+02
1.086700000000000017e+02
1.088299999999999983e+02
1.090000000000000000e+02
1.091700000000000017e+02
1.093299999999999983e+02
1.095000000000000000e+02
1.096700000000000017e+02
1.098299999999999983e+02
1.100000000000000000e+02
1.101700000000000017e+02
1.103299999999999983e+02
1.105000000000000000e+02
1.106700000000000017e+02
1.108299999999999983e+02
1.110000000000000000e+02
1.111700000000000017e+02
1.113299999999999983e+02
1.115000000000000000e+02
1.116700000000000017e+02
1.118299999999999983e+02
1.120000000000000000e+02
1.121700000000000017e+02
1.123299999999999983e+02
1.125000000000000000e+02
1.126700000000000017e+02
1.128299999999999983e+02
1.130000000000000000e+02
1.131700000000000017e+02
1.133299999999999983e+02
1.135000000000000000e+02
1.136700000000000017e+02
1.138299999999999983e+02
1.140000000000000000e+02
1.141700000000000017e+02
1.143299999999999983e+02
1.145000000000000000e+02
1.146700000000000017e+02
1.148299999999999983e+02
1.150000000000000000e+02
1.151700000000000017e+02
1.153299999999999983e+02
1.155000000000000000e+02
1.156700000000000017e+02
1.158299999999999983e+02
1.160000000000000000e+02
1.161700000000000017e+02
1.163299999999999983e+02
1.165000000000000000e+02
1.166700000000000017e+02
1.168299999999999983e+02
1.170000000000000000e+02
1.171700000000000017e+02
1.173299999999999983e+02
1.175000000000000000e+02
1.176700000000000017e+02
1.178299999999999983e+02
1.180000000000000000e+02
1.181700000000000017e+02
1.183299999999999983e+02
1.185000000000000000e+02
1.186700000000000017e+02
1.188299999999999983e+02
1.190000000000000000e+02
1.191700000000000017e+02
1.193299999999999983e+02
1.195000000000000000e+02
1.196700000000000017e+02
1.198299999999999983e+02
1.200000000000000000e+02
1.201700000000000017e+02
1.203299999999999983e+02
1.205000000000000000e+02
1.206700000000000017e+02
1.208299999999999983e+02
1.210000000000000000e+02
1.211700000000000017e+02
1.213299999999999983e+02
1.215000000000000000e+02
1.216700000000000017e+02
1.218299999999999983e+02
1.220000000000000000e+02
1.221700000000000017e+02
1.223299999999999983e+02
1.225000000000000000e+02
1.226700000000000017e+02
1.228299999999999983e+02
1.230000000000000000e+02
1.231700000000000017e+02
1.233299999999999983e+02
1.235000000000000000e+02
1.236700000000000017e+02
1.238299999999999983e+02
1.240000000000000000e+02
1.241700000000000017e+02
1.243299999999999983e+02
1.245000000000000000e+02
1.246700000000000017e+02
1.248299999999999983e+02
1.250000000000000000e+02
1.251700000000000017e+02
1.253299999999999983e+02
1.255000000000000000e+02
1.256700000000000017e+02
1.258299999999999983e+02
1.260000000000000000e+02
1.261700000000000017e+02
1.263299999999999983e+02
1.265000000000000000e+02
1.266700000000000017e+02
1.268299999999999983e+02
1.270000000000000000e+02
1.271700000000000017e+02
1.273299999999999983e+02
1.275000000000000000e+02
1.276700000000000017e+02
1.278299999999999983e+02
1.280000000000000000e+02
1.281699999999999875e+02
1.283300000000000125e+02
1.285000000000000000e+02
1.286699999999999875e+02
1.288300000000000125e+02
1.290000000000000000e+02
1.291699999999999875e+02
1.293300000000000125e+02
1.295000000000000000e+02
1.296699999999999875e+02
1.298300000000000125e+02
1.300000000000000000e+02
1.301699999999999875e+02
1.303300000000000125e+02
1.305000000000000000e+02
1.306699999999999875e+02
1.308300000000000125e+02
1.310000000000000000e+02
1.311699999999999875e+02
1.313300000000000125e+02
1.315000000000000000e+02
1.316699999999999875e+02
1.318300000000000125e+02
1.320000000000000000e+02
1.321699999999999875e+02
1.323300000000000125e+02
1.325000000000000000e+02
1.326699999999999875e+02
1.328300000000000125e+02
1.330000000000000000e+02
1.331699999999999875e+02
1.333300000000000125e+02
1.335000000000000000e+02
1.336699999999999875e+02
1.338300000000000125e+02
1.340000000000000000e+02
1.341699999999999875e+02
1.343300000000000125e+02
1.345000000000000000e+02
1.346699999999999875e+02
1.348300000000000125e+02
1.350000000000000000e+02
1.351699999999999875e+02
1.353300000000000125e+02
1.355000000000000000e+02
1.356699999999999875e+02
1.358300000000000125e+02
1.360000000000000000e+02
1.361699999999999875e+02
1.363300000000000125e+02
1.365000000000000000e+02
1.366699999999999875e+02
1.368300000000000125e+02
1.370000000000000000e+02
1.371699999999999875e+02
1.373300000000000125e+02
1.375000000000000000e+02
1.376699999999999875e+02
1.378300000000000125e+02
1.380000000000000000e+02
1.381699999999999875e+02
1.383300000000000125e+02
1.385000000000000000e+02
1.386699999999999875e+02
1.388300000000000125e+02
1.390000000000000000e+02
1.391699999999999875e+02
1.393300000000000125e+02
1.395000000000000000e+02
1.396699999999999875e+02
1.398300000000000125e+02
1.400000000000000000e+02
1.401699999999999875e+02
1.403300000000000125e+02
1.405000000000000000e+02
1.406699999999999875e+02
1.408300000000000125e+02
1.410000000000000000e+02
1.411699999999999875e+02
1.413300000000000125e+02
1.415000000000000000e+02
1.416699999999999875e+02
1.418300000000000125e+02
1.420000000000000000e+02
1.421699999999999875e+02
1.423300000000000125e+02
1.425000000000000000e+02
1.426699999999999875e+02
1.428300000000000125e+02
1.430000000000000000e+02
1.431699999999999875e+02
1.433300000000000125e+02
1.435000000000000000e+02
1.436699999999999875e+02
1.438300000000000125e+02
1.440000000000000000e+02
1.441699999999999875e+02
1.443300000000000125e+02
1.445000000000000000e+02
1.446699999999999875e+02
1.448300000000000125e+02
1.450000000000000000e+02
1.451699999999999875e+02
1.453300000000000125e+02
1.455000000000000000e+02
1.456699999999999875e+02
1.458300000000000125e+02
1.460000000000000000e+02
1.461699999999999875e+02
1.463300000000000125e+02
1.465000000000000000e+02
1.466699999999999875e+02
1.468300000000000125e+02
1.470000000000000000e+02
1.471699999999999875e+02
1.473300000000000125e+02
1.475000000000000000e+02
1.476699999999999875e+02
1.478300000000000125e+02
1.480000000000000000e+02
1.481699999999999875e+02
1.483300000000000125e+02
1.485000000000000000e+02
1.486699999999999875e+02
1.488300000000000125e+02
1.490000000000000000e+02
1.491699999999999875e+02
1.493300000000000125e+02
1.495000000000000000e+02
1.496699999999999875e+02
1.498300000000000125e+02
1.500000000000000000e+02
1.501699999999999875e+02
1.503300000000000125e+02
1.505000000000000000e+02
1.506699999999999875e+02
1.508300000000000125e+02
1.510000000000000000e+02
1.511699999999999875e+02
1.513300000000000125e+02
1.515000000000000000e+02
1.516699999999999875e+02
1.518300000000000125e+02
1.520000000000000000e+02
1.521699999999999875e+02
1.523300000000000125e+02
1.525000000000000000e+02
1.526699999999999875e+02
1.528300000000000125e+02
1.530000000000000000e+02
1.531699999999999875e+02
1.533300000000000125e+02
1.535000000000000000e+02
1.536699999999999875e+02
1.538300000000000125e+02
1.540000000000000000e+02
1.541699999999999875e+02
1.543300000000000125e+02
1.545000000000000000e+02
1.546699999999999875e+02
1.548300000000000125e+02
1.550000000000000000e+02
1.551699999999999875e+02
1.553300000000000125e+02
1.555000000000000000e+02
1.556699999999999875e+02
1.558300000000000125e+02
1.560000000000000000e+02
1.561699999999999875e+02
1.563300000000000125e+02
1.565000000000000000e+02
1.566699999999999875e+02
1.568300000000000125e+02
1.570000000000000000e+02
1.571699999999999875e+02
1.573300000000000125e+02
1.575000000000000000e+02
1.576699999999999875e+02
1.578300000000000125e+02
1.580000000000000000e+02
1.581699999999999875e+02
1.583300000000000125e+02
1.585000000000000000e+02
1.586699999999999875e+02
1.588300000000000125e+02
1.590000000000000000e+02
1.591699999999999875e+02
1.593300000000000125e+02
1.595000000000000000e+02
1.596699999999999875e+02
1.598300000000000125e+02
1.600000000000000000e+02
1.601699999999999875e+02
1.603300000000000125e+02
1.605000000000000000e+02
1.606699999999999875e+02
1.608300000000000125e+02
1.610000000000000000e+02
1.611699999999999875e+02
1.613300000000000125e+02
1.615000000000000000e+02
1.616699999999999875e+02
1.618300000000000125e+02
1.620000000000000000e+02
1.621699999999999875e+02
1.623300000000000125e+02
1.625000000000000000e+02
1.626699999999999875e+02
1.628300000000000125e+02
1.630000000000000000e+02
1.631699999999999875e+02
1.633300000000000125e+02
1.635000000000000000e+02
1.636699999999999875e+02
1.638300000000000125e+02
1.640000000000000000e+02
1.641699999999999875e+02
1.643300000000000125e+02
1.645000000000000000e+02
1.646699999999999875e+02
1.648300000000000125e+02
1.650000000000000000e+02
1.651699999999999875e+02
1.653300000000000125e+02
1.655000000000000000e+02
1.656699999999999875e+02
1.658300000000000125e+02
1.660000000000000000e+02
1.661699999999999875e+02
1.663300000000000125e+02
1.665000000000000000e+02
1.666699999999999875e+02
1.668300000000000125e+02
1.670000000000000000e+02
1.671699999999999875e+02
1.673300000000000125e+02
1.675000000000000000e+02
1.676699999999999875e+02
1.678300000000000125e+02
1.680000000000000000e+02
1.681699999999999875e+02
1.683300000000000125e+02
1.685000000000000000e+02
1.686699999999999875e+02
1.688300000000000125e+02
1.690000000000000000e+02
1.691699999999999875e+02
1.693300000000000125e+02
1.695000000000000000e+02
1.696699999999999875e+02
1.698300000000000125e+02
1.700000000000000000e+02
1.701699999999999875e+02
1.703300000000000125e+02
1.705000000000000000e+02
1.706699999999999875e+02
1.708300000000000125e+02
1.710000000000000000e+02
1.711699999999999875e+02
1.713300000000000125e+02
1.715000000000000000e+02
1.716699999999999875e+02
1.718300000000000125e+02
1.720000000000000000e+02
1.721699999999999875e+02
1.723300000000000125e+02
1.725000000000000000e+02
1.726699999999999875e+02
1.728300000000000125e+02
1.730000000000000000e+02
1.731699999999999875e+02
1.733300000000000125e+02
1.735000000000000000e+02
1.736699999999999875e+02
1.738300000000000125e+02
1.740000000000000000e+02
1.741699999999999875e+02
1.743300000000000125e+02
1.745000000000000000e+02
1.746699999999999875e+02
1.748300000000000125e+02
1.750000000000000000e+02
1.751699999999999875e+02
1.753300000000000125e+02
1.755000000000000000e+02
1.756699999999999875e+02
1.758300000000000125e+02
1.760000000000000000e+02
1.761699999999999875e+02
1.763300000000000125e+02
1.765000000000000000e+02
1.766699999999999875e+02
1.768300000000000125e+02
1.770000000000000000e+02
1.771699999999999875e+02
1.773300000000000125e+02
1.775000000000000000e+02
1.776699999999999875e+02
1.778300000000000125e+02
1.780000000000000000e+02
1.781699999999999875e+02
1.783300000000000125e+02
1.785000000000000000e+02
1.786699999999999875e+02
1.788300000000000125e+02
1.790000000000000000e+02
1.791699999999999875e+02
1.793300000000000125e+02
1.795000000000000000e+02
1.796699999999999875e+02
1.798300000000000125e+02
1.800000000000000000e+02
1.801699999999999875e+02
1.803300000000000125e+02
1.805000000000000000e+02
1.806699999999999875e+02
1.808300000000000125e+02
1.810000000000000000e+02
1.811699999999999875e+02
1.813300000000000125e+02
1.815000000000000000e+02
1.816699999999999875e+02
1.818300000000000125e+02
1.820000000000000000e+02
1.821699999999999875e+02
1.823300000000000125e+02
1.825000000000000000e+02
1.826699999999999875e+02
1.828300000000000125e+02
1.830000000000000000e+02
1.831699999999999875e+02
1.833300000000000125e+02
1.835000000000000000e+02
1.836699999999999875e+02
1.838300000000000125e+02
1.840000000000000000e+02
1.841699999999999875e+02
1.843300000000000125e+02
1.845000000000000000e+02
1.846699999999999875e+02
1.848300000000000125e+02
1.850000000000000000e+02
1.851699999999999875e+02
1.853300000000000125e+02
1.855000000000000000e+02
1.856699999999999875e+02
1.858300000000000125e+02
1.860000000000000000e+02
1.861699999999999875e+02
1.863300000000000125e+02
1.865000000000000000e+02
1.866699999999999875e+02
1.868300000000000125e+02
1.870000000000000000e+02
1.871699999999999875e+02
1.873300000000000125e+02
1.875000000000000000e+02
1.876699999999999875e+02
1.878300000000000125e+02
1.880000000000000000e+02
1.881699999999999875e+02
1.883300000000000125e+02
1.885000000000000000e+02
1.886699999999999875e+02
1.888300000000000125e+02
1.890000000000000000e+02
1.891699999999999875e+02
1.893300000000000125e+02
1.895000000000000000e+02
1.896699999999999875e+02
1.898300000000000125e+02
1.900000000000000000e+02
1.901699999999999875e+02
1.903300000000000125e+02
1.905000000000000000e+02
1.906699999999999875e+02
1.908300000000000125e+02
1.910000000000000000e+02
1.911699999999999875e+02
1.913300000000000125e+02
1.915000000000000000e+02
1.916699999999999875e+02
1.918300000000000125e+02
1.920000000000000000e+02
1.921699999999999875e+02
1.923300000000000125e+02
1.925000000000000000e+02
1.926699999999999875e+02
1.928300000000000125e+02
1.930000000000000000e+02
1.931699999999999875e+02
1.933300000000000125e+02
1.935000000000000000e+02
1.936699999999999875e+02
1.938300000000000125e+02
1.940000000000000000e+02
1.941699999999999875e+02
1.943300000000000125e+02
1.945000000000000000e+02
1.946699999999999875e+02
1.948300000000000125e+02
1.950000000000000000e+02
1.951699999999999875e+02
1.953300000000000125e+02
1.955000000000000000e+02
1.956699999999999875e+02
1.958300000000000125e+02
1.960000000000000000e+02
1.961699999999999875e+02
1.963300000000000125e+02
1.965000000000000000e+02
1.966699999999999875e+02
1.968300000000000125e+02
1.970000000000000000e+02
1.971699999999999875e+02
1.973300000000000125e+02
1.975000000000000000e+02
1.976699999999999875e+02
1.978300000000000125e+02
1.980000000000000000e+02
1.981699999999999875e+02
1.983300000000000125e+02
1.985000000000000000e+02
1.986699999999999875e+02
1.988300000000000125e+02
1.990000000000000000e+02
1.991699999999999875e+02
1.993300000000000125e+02
1.995000000000000000e+02
1.996699999999999875e+02
1.998300000000000125e+02
2.000000000000000000e+02
2.001699999999999875e+02
2.003300000000000125e+02
2.005000000000000000e+02
2.006699999999999875e+02
2.008300000000000125e+02
2.010000000000000000e+02
2.011699999999999875e+02
2.013300000000000125e+02
2.015000000000000000e+02
2.016699999999999875e+02
2.018300000000000125e+02
2.020000000000000000e+02
2.021699999999999875e+02
2.023300000000000125e+02
2.025000000000000000e+02
2.026699999999999875e+02
2.028300000000000125e+02
2.030000000000000000e+02
2.031699999999999875e+02
2.033300000000000125e+02
2.035000000000000000e+02
2.036699999999999875e+02
2.038300000000000125e+02
2.040000000000000000e+02
2.041699999999999875e+02
2.043300000000000125e+02
2.045000000000000000e+02
2.046699999999999875e+02
2.048300000000000125e+02
2.050000000000000000e+02
2.051699999999999875e+02
2.053300000000000125e+02
2.055000000000000000e+02
2.056699999999999875e+02
2.058300000000000125e+02
2.060000000000000000e+02
2.061699999999999875e+02
2.063300000000000125e+02
2.065000000000000000e+02
2.066699999999999875e+02
2.068300000000000125e+02
2.070000000000000000e+02
2.071699999999999875e+02
2.073300000000000125e+02
2.075000000000000000e+02
2.076699999999999875e+02
2.078300000000000125e+02
2.080000000000000000e+02
2.081699999999999875e+02
2.083300000000000125e+02
2.085000000000000000e+02
2.086699999999999875e+02
2.088300000000000125e+02
2.090000000000000000e+02
2.091699999999999875e+02
2.093300000000000125e+02
2.095000000000000000e+02
2.096699999999999875e+02
2.098300000000000125e+02
2.100000000000000000e+02
2.101699999999999875e+02
2.103300000000000125e+02
2.105000000000000000e+02
2.106699999999999875e+02
2.108300000000000125e+02
2.110000000000000000e+02
2.111699999999999875e+02
2.113300000000000125e+02
2.115000000000000000e+02
2.116699999999999875e+02
2.118300000000000125e+02
2.120000000000000000e+02
2.121699999999999875e+02
2.123300000000000125e+02
2.125000000000000000e+02
2.126699999999999875e+02
2.128300000000000125e+02
2.130000000000000000e+02
2.131699999999999875e+02
2.133300000000000125e+02
2.135000000000000000e+02
2.136699999999999875e+02
2.138300000000000125e+02
2.140000000000000000e+02
2.141699999999999875e+02
2.143300000000000125e+02
2.145000000000000000e+02
2.146699999999999875e+02
2.148300000000000125e+02
2.150000000000000000e+02
2.151699999999999875e+02
2.153300000000000125e+02
2.155000000000000000e+02
2.156699999999999875e+02
2.158300000000000125e+02
2.160000000000000000e+02
2.161699999999999875e+02
2.163300000000000125e+02
2.165000000000000000e+02
2.166699999999999875e+02
2.168300000000000125e+02
2.170000000000000000e+02
2.171699999999999875e+02
2.173300000000000125e+02
2.175000000000000000e+02
2.176699999999999875e+02
2.178300000000000125e+02
2.180000000000000000e+02
2.181699999999999875e+02
2.183300000000000125e+02
2.185000000000000000e+02
2.186699999999999875e+02
2.188300000000000125e+02
2.190000000000000000e+02
2.191699999999999875e+02
2.193300000000000125e+02
2.195000000000000000e+02
2.196699999999999875e+02
2.198300000000000125e+02
2.200000000000000000e+02
2.201699999999999875e+02
2.203300000000000125e+02
2.205000000000000000e+02
2.206699999999999875e+02
2.208300000000000125e+02
2.210000000000000000e+02
2.211699999999999875e+02
2.213300000000000125e+02
2.215000000000000000e+02
2.216699999999999875e+02
2.218300000000000125e+02
2.220000000000000000e+02
2.221699999999999875e+02
2.223300000000000125e+02
2.225000000000000000e+02
2.226699999999999875e+02
2.228300000000000125e+02
2.230000000000000000e+02
2.231699999999999875e+02
2.233300000000000125e+02
2.235000000000000000e+02
2.236699999999999875e+02
2.238300000000000125e+02
2.240000000000000000e+02
2.241699999999999875e+02
2.243300000000000125e+02
2.245000000000000000e+02
2.246699999999999875e+02
2.248300000000000125e+02
2.250000000000000000e+02
2.251699999999999875e+02
2.253300000000000125e+02
2.255000000000000000e+02
2.256699999999999875e+02
2.258300000000000125e+02
2.260000000000000000e+02
2.261699999999999875e+02
2.263300000000000125e+02
2.265000000000000000e+02
2.266699999999999875e+02
2.268300000000000125e+02
2.270000000000000000e+02
2.271699999999999875e+02
2.273300000000000125e+02
2.275000000000000000e+02
2.276699999999999875e+02
2.278300000000000125e+02
2.280000000000000000e+02
2.281699999999999875e+02
2.283300000000000125e+02
2.285000000000000000e+02
2.286699999999999875e+02
2.288300000000000125e+02
2.290000000000000000e+02
2.291699999999999875e+02
2.293300000000000125e+02
2.295000000000000000e+02
2.296699999999999875e+02
2.298300000000000125e+02
2.300000000000000000e+02
2.301699999999999875e+02
2.303300000000000125e+02
2.305000000000000000e+02
2.306699999999999875e+02
2.308300000000000125e+02
2.310000000000000000e+02
2.311699999999999875e+02
2.313300000000000125e+02
2.315000000000000000e+02
2.316699999999999875e+02
2.318300000000000125e+02
2.320000000000000000e+02
2.321699999999999875e+02
2.323300000000000125e+02
2.325000000000000000e+02
2.326699999999999875e+02
2.328300000000000125e+02
2.330000000000000000e+02
2.331699999999999875e+02
2.333300000000000125e+02
2.335000000000000000e+02
2.336699999999999875e+02
2.338300000000000125e+02
2.340000000000000000e+02
2.341699999999999875e+02
2.343300000000000125e+02
2.345000000000000000e+02
2.346699999999999875e+02
2.348300000000000125e+02
2.350000000000000000e+02
2.351699999999999875e+02
2.353300000000000125e+02
2.355000000000000000e+02
2.356699999999999875e+02
2.358300000000000125e+02
2.360000000000000000e+02
2.361699999999999875e+02
2.363300000000000125e+02
2.365000000000000000e+02
2.366699999999999875e+02
2.368300000000000125e+02
2.370000000000000000e+02
2.371699999999999875e+02
2.373300000000000125e+02
2.375000000000000000e+02
2.376699999999999875e+02
2.378300000000000125e+02
2.380000000000000000e+02
2.381699999999999875e+02
2.383300000000000125e+02
2.385000000000000000e+02
2.386699999999999875e+02
2.388300000000000125e+02
2.390000000000000000e+02
2.391699999999999875e+02
2.393300000000000125e+02
2.395000000000000000e+02
2.396699999999999875e+02
2.398300000000000125e+02
2.400000000000000000e+02
2.401699999999999875e+02
2.403300000000000125e+02
2.405000000000000000e+02
2.406699999999999875e+02
2.408300000000000125e+02
2.410000000000000000e+02
2.411699999999999875e+02
2.413300000000000125e+02
2.415000000000000000e+02
2.416699999999999875e+02
2.418300000000000125e+02
2.420000000000000000e+02
2.421699999999999875e+02
2.423300000000000125e+02
2.425000000000000000e+02
2.426699999999999875e+02
2.428300000000000125e+02
2.430000000000000000e+02
2.431699999999999875e+02
2.433300000000000125e+02
2.435000000000000000e+02
2.436699999999999875e+02
2.438300000000000125e+02
2.440000000000000000e+02
2.441699999999999875e+02
2.443300000000000125e+02
2.445000000000000000e+02
2.446699999999999875e+02
2.448300000000000125e+02
2.450000000000000000e+02
2.451699999999999875e+02
2.453300000000000125e+02
2.455000000000000000e+02
2.456699999999999875e+02
2.458300000000000125e+02
2.460000000000000000e+02
2.461699999999999875e+02
2.463300000000000125e+02
2.465000000000000000e+02
2.466699999999999875e+02
2.468300000000000125e+02
2.470000000000000000e+02
2.471699999999999875e+02
2.473300000000000125e+02
2.475000000000000000e+02
2.476699999999999875e+02
2.478300000000000125e+02
2.480000000000000000e+02
2.481699999999999875e+02
2.483300000000000125e+02
2.485000000000000000e+02
2.486699999999999875e+02
2.488300000000000125e+02
2.490000000000000000e+02
2.491699999999999875e+02
2.493300000000000125e+02
2.495000000000000000e+02
2.496699999999999875e+02
2.498300000000000125e+02
2.500000000000000000e+02
2.501699999999999875e+02
2.503300000000000125e+02
2.505000000000000000e+02
2.506699999999999875e+02
2.508300000000000125e+02
2.510000000000000000e+02
2.511699999999999875e+02
2.513300000000000125e+02
2.515000000000000000e+02
2.516699999999999875e+02
2.518300000000000125e+02
2.520000000000000000e+02
2.521699999999999875e+02
2.523300000000000125e+02
2.525000000000000000e+02
2.526699999999999875e+02
2.528300000000000125e+02
2.530000000000000000e+02
2.531699999999999875e+02
2.533300000000000125e+02
2.535000000000000000e+02
2.536699999999999875e+02
2.538300000000000125e+02
2.540000000000000000e+02
2.541699999999999875e+02
2.543300000000000125e+02
2.545000000000000000e+02
2.546699999999999875e+02
2.548300000000000125e+02
2.550000000000000000e+02
2.551699999999999875e+02
2.553300000000000125e+02
2.555000000000000000e+02
2.556699999999999875e+02
2.558300000000000125e+02
2.560000000000000000e+02
2.561700000000000159e+02
2.563299999999999841e+02
2.565000000000000000e+02
2.566700000000000159e+02
2.568299999999999841e+02
2.570000000000000000e+02
2.571700000000000159e+02
2.573299999999999841e+02
2.575000000000000000e+02
2.576700000000000159e+02
2.578299999999999841e+02
2.580000000000000000e+02
2.581700000000000159e+02
2.583299999999999841e+02
2.585000000000000000e+02
2.586700000000000159e+02
2.588299999999999841e+02
2.590000000000000000e+02
2.591700000000000159e+02
2.593299999999999841e+02
2.595000000000000000e+02
2.596700000000000159e+02
2.598299999999999841e+02
2.600000000000000000e+02
2.601700000000000159e+02
2.603299999999999841e+02
2.605000000000000000e+02
2.606700000000000159e+02
2.608299999999999841e+02
2.610000000000000000e+02
2.611700000000000159e+02
2.613299999999999841e+02
2.615000000000000000e+02
2.616700000000000159e+02
2.618299999999999841e+02
2.620000000000000000e+02
2.621700000000000159e+02
2.623299999999999841e+02
2.625000000000000000e+02
2.626700000000000159e+02
2.628299999999999841e+02
2.630000000000000000e+02
2.631700000000000159e+02
2.633299999999999841e+02
2.635000000000000000e+02
2.636700000000000159e+02
2.638299999999999841e+02
2.640000000000000000e+02
2.641700000000000159e+02
2.643299999999999841e+02
2.645000000000000000e+02
2.646700000000000159e+02
2.648299999999999841e+02
2.650000000000000000e+02
2.651700000000000159e+02
2.653299999999999841e+02
2.655000000000000000e+02
2.656700000000000159e+02
2.658299999999999841e+02
2.660000000000000000e+02
2.661700000000000159e+02
2.663299999999999841e+02
2.665000000000000000e+02
2.666700000000000159e+02
2.668299999999999841e+02
2.670000000000000000e+02
2.671700000000000159e+02
2.673299999999999841e+02
2.675000000000000000e+02
2.676700000000000159e+02
2.678299999999999841e+02
2.680000000000000000e+02
2.681700000000000159e+02
2.683299999999999841e+02
2.685000000000000000e+02
2.686700000000000159e+02
2.688299999999999841e+02
2.690000000000000000e+02
2.691700000000000159e+02
2.693299999999999841e+02
2.695000000000000000e+02
2.696700000000000159e+02
2.698299999999999841e+02
2.700000000000000000e+02
2.701700000000000159e+02
2.703299999999999841e+02
2.705000000000000000e+02
2.706700000000000159e+02
2.708299999999999841e+02
2.710000000000000000e+02
2.711700000000000159e+02
2.713299999999999841e+02
2.715000000000000000e+02
2.716700000000000159e+02
2.718299999999999841e+02
2.720000000000000000e+02
2.721700000000000159e+02
2.723299999999999841e+02
2.725000000000000000e+02
2.726700000000000159e+02
2.728299999999999841e+02
2.730000000000000000e+02
2.731700000000000159e+02
2.733299999999999841e+02
2.735000000000000000e+02
2.736700000000000159e+02
2.738299999999999841e+02
2.740000000000000000e+02
2.741700000000000159e+02
2.743299999999999841e+02
2.745000000000000000e+02
2.746700000000000159e+02
2.748299999999999841e+02
2.750000000000000000e+02
2.751700000000000159e+02
2.753299999999999841e+02
2.755000000000000000e+02
2.756700000000000159e+02
2.758299999999999841e+02
2.760000000000000000e+02
2.761700000000000159e+02
2.763299999999999841e+02
2.765000000000000000e+02
2.766700000000000159e+02
2.768299999999999841e+02
2.770000000000000000e+02
2.771700000000000159e+02
2.773299999999999841e+02
2.775000000000000000e+02
2.776700000000000159e+02
2.778299999999999841e+02
2.780000000000000000e+02
2.781700000000000159e+02
2.783299999999999841e+02
2.785000000000000000e+02
2.786700000000000159e+02
2.788299999999999841e+02
2.790000000000000000e+02
2.791700000000000159e+02
2.793299999999999841e+02
2.795000000000000000e+02
2.796700000000000159e+02
2.798299999999999841e+02
2.800000000000000000e+02
2.801700000000000159e+02
2.803299999999999841e+02
2.805000000000000000e+02
2.806700000000000159e+02
2.808299999999999841e+02
2.810000000000000000e+02
2.811700000000000159e+02
2.813299999999999841e+02
2.815000000000000000e+02
2.816700000000000159e+02
2.818299999999999841e+02
2.820000000000000000e+02
2.821700000000000159e+02
2.823299999999999841e+02
2.825000000000000000e+02
2.826700000000000159e+02
2.828299999999999841e+02
2.830000000000000000e+02
2.831700000000000159e+02
2.833299999999999841e+02
2.835000000000000000e+02
2.836700000000000159e+02
2.838299999999999841e+02
2.840000000000000000e+02
2.841700000000000159e+02
2.843299999999999841e+02
2.845000000000000000e+02
2.846700000000000159e+02
2.848299999999999841e+02
2.850000000000000000e+02
2.851700000000000159e+02
2.853299999999999841e+02
2.855000000000000000e+02
2.856700000000000159e+02
2.858299999999999841e+02
2.860000000000000000e+02
2.861700000000000159e+02
2.863299999999999841e+02
2.865000000000000000e+02
2.866700000000000159e+02
2.868299999999999841e+02
2.870000000000000000e+02
2.871700000000000159e+02
2.873299999999999841e+02
2.875000000000000000e+02
2.876700000000000159e+02
2.878299999999999841e+02
2.880000000000000000e+02
2.881700000000000159e+02
2.883299999999999841e+02
2.885000000000000000e+02
2.886700000000000159e+02
2.888299999999999841e+02
2.890000000000000000e+02
2.891700000000000159e+02
2.893299999999999841e+02
2.895000000000000000e+02
2.896700000000000159e+02
2.898299999999999841e+02
2.900000000000000000e+02
2.901700000000000159e+02
2.903299999999999841e+02
2.905000000000000000e+02
2.906700000000000159e+02
2.908299999999999841e+02
2.910000000000000000e+02
2.911700000000000159e+02
2.913299999999999841e+02
2.915000000000000000e+02
2.916700000000000159e+02
2.918299999999999841e+02
2.920000000000000000e+02
2.921700000000000159e+02
2.923299999999999841e+02
2.925000000000000000e+02
2.926700000000000159e+02
2.928299999999999841e+02
2.930000000000000000e+02
2.931700000000000159e+02
2.933299999999999841e+02
2.935000000000000000e+02
2.936700000000000159e+02
2.938299999999999841e+02
2.940000000000000000e+02
2.941700000000000159e+02
2.943299999999999841e+02
2.945000000000000000e+02
2.946700000000000159e+02
2.948299999999999841e+02
2.950000000000000000e+02
2.951700000000000159e+02
2.953299999999999841e+02
2.955000000000000000e+02
2.956700000000000159e+02
2.958299999999999841e+02
2.960000000000000000e+02
2.961700000000000159e+02
2.963299999999999841e+02
2.965000000000000000e+02
2.966700000000000159e+02
2.968299999999999841e+02
2.970000000000000000e+02
2.971700000000000159e+02
2.973299999999999841e+02
2.975000000000000000e+02
2.976700000000000159e+02
2.978299999999999841e+02
2.980000000000000000e+02
2.981700000000000159e+02
2.983299999999999841e+02
2.985000000000000000e+02
2.986700000000000159e+02
2.988299999999999841e+02
2.990000000000000000e+02
2.991700000000000159e+02
2.993299999999999841e+02
2.995000000000000000e+02
2.996700000000000159e+02
2.998299999999999841e+02
3.000000000000000000e+02
