0.000000000000000000e+00
0.000000000000000000e+00
0.000000000000000000e+00
0.000000000000000000e+00
0.000000000000000000e+00
0.000000000000000000e+00
0.000000000000000000e+00
0.000000000000000000e+00
0.000000000000000000e+00
0.000000000000000000e+00
0.000000000000000000e+00
0.000000000000000000e+00
0.000000000000000000e+00
0.000000000000000000e+00
0.000000000000000000e+00
0.000000000000000000e+00
0.000000000000000000e+00
0.000000000000000000e+00
0.000000000000000000e+00
0.000000000000000000e+00
0.000000000000000000e+00
7.500000000000000000e-01
7.500000000000000000e-01
7.500000000000000000e-01
7.500000000000000000e-01
6.666666666666666297e-01
6.666666666666666297e-01
6.666666666666666297e-01
6.666666666666666297e-01
6.666666666666666297e-01
6.000000000000000888e-01
0.000000000000000000e+00
0.000000000000000000e+00
0.000000000000000000e+00
0.000000000000000000e+00
0.000000000000000000e+00
0.000000000000000000e+00
0.000000000000000000e+00
0.000000000000000000e+00
0.000000000000000000e+00
0.000000000000000000e+00
0.000000000000000000e+00
0.000000000000000000e+00
0.000000000000000000e+00
0.000000000000000000e+00
0.000000000000000000e+00
0.000000000000000000e+00
0.000000000000000000e+00
0.000000000000000000e+00
0.000000000000000000e+00
0.000000000000000000e+00
0.000000000000000000e+00
0.000000000000000000e+00
0.000000000000000000e+00
0.000000000000000000e+00
0.000000000000000000e+00
0.000000000000000000e+00
0.000000000000000000e+00
0.000000000000000000e+00
0.000000000000000000e+00
0.000000000000000000e+00
0.000000000000000000e+00
0.000000000000000000e+00
0.000000000000000000e+00
0.000000000000000000e+00
0.000000000000000000e+00
0.000000000000000000e+00
0.000000000000000000e+00
0.000000000000000000e+00
0.000000000000000000e+00
0.000000000000000000e+00
0.000000000000000000e+00
0.000000000000000000e+00
0.000000000000000000e+00
0.000000000000000000e+00
0.000000000000000000e+00
0.000000000000000000e+00
0.000000000000000000e+00
0.000000000000000000e+00
0.000000000000000000e+00
0.000000000000000000e+00
0.000000000000000000e+00
0.000000000000000000e+00
0.000000000000000000e+00
0.000000000000000000e+00
0.000000000000000000e+00
0.000000000000000000e+00
0.000000000000000000e+00
0.000000000000000000e+00
0.000000000000000000e+00
0.000000000000000000e+00
0.000000000000000000e+00
0.000000000000000000e+00
0.000000000000000000e+00
0.000000000000000000e+00
0.000000000000000000e+00
0.000000000000000000e+00
0.000000000000000000e+00
0.000000000000000000e+00
0.000000000000000000e+00
0.000000000000000000e+00
0.000000000000000000e+00
0.000000000000000000e+00
0.000000000000000000e+00
0.000000000000000000e+00
0.000000000000000000e+00
0.000000000000000000e+00
0.000000000000000000e+00
0.000000000000000000e+00
0.000000000000000000e+00
0.000000000000000000e+00
0.000000000000000000e+00
0.000000000000000000e+00
2.307692307692307820e-01
2.307692307692307820e-01
2.222222222222222099e-01
2.222222222222222099e-01
2.222222222222222099e-01
2.222222222222222099e-01
2.222222222222222099e-01
2.142857142857142738e-01
2.142857142857142738e-01
2.142857142857142738e-01
2.142857142857142738e-01
2.142857142857142738e-01
2.068965517241379282e-01
2.068965517241379282e-01
2.068965517241379282e-01
2.068965517241379282e-01
2.068965517241379282e-01
2.000000000000000111e-01
2.000000000000000111e-01
2.000000000000000111e-01
2.000000000000000111e-01
2.000000000000000111e-01
1.935483870967741882e-01
1.935483870967741882e-01
1.935483870967741882e-01
1.935483870967741882e-01
1.935483870967741882e-01
1.875000000000000000e-01
1.875000000000000000e-01
1.875000000000000000e-01
1.875000000000000000e-01
1.875000000000000000e-01
1.818181818181818232e-01
0.000000000000000000e+00
0.000000000000000000e+00
0.000000000000000000e+00
0.000000000000000000e+00
0.000000000000000000e+00
0.000000000000000000e+00
0.000000000000000000e+00
0.000000000000000000e+00
0.000000000000000000e+00
0.000000000000000000e+00
0.000000000000000000e+00
0.000000000000000000e+00
0.000000000000000000e+00
0.000000000000000000e+00
0.000000000000000000e+00
0.000000000000000000e+00
0.000000000000000000e+00
0.000000000000000000e+00
0.000000000000000000e+00
0.000000000000000000e+00
0.000000000000000000e+00
0.000000000000000000e+00
0.000000000000000000e+00
0.000000000000000000e+00
0.000000000000000000e+00
0.000000000000000000e+00
0.000000000000000000e+00
0.000000000000000000e+00
0.000000000000000000e+00
0.000000000000000000e+00
0.000000000000000000e+00
0.000000000000000000e+00
0.000000000000000000e+00
0.000000000000000000e+00
0.000000000000000000e+00
0.000000000000000000e+00
0.000000000000000000e+00
0.000000000000000000e+00
0.000000000000000000e+00
0.000000000000000000e+00
0.000000000000000000e+00
0.000000000000000000e+00
0.000000000000000000e+00
0.000000000000000000e+00
0.000000000000000000e+00
0.000000000000000000e+00
0.000000000000000000e+00
0.000000000000000000e+00
0.000000000000000000e+00
0.000000000000000000e+00
0.000000000000000000e+00
0.000000000000000000e+00
0.000000000000000000e+00
0.000000000000000000e+00
0.000000000000000000e+00
0.000000000000000000e+00
0.000000000000000000e+00
0.000000000000000000e+00
0.000000000000000000e+00
0.000000000000000000e+00
0.000000000000000000e+00
1.333333333333333592e-01
1.333333333333333592e-01
1.333333333333333592e-01
1.304347826086956486e-01
1.304347826086956486e-01
1.304347826086956486e-01
1.304347826086956486e-01
1.304347826086956486e-01
1.276595744680851241e-01
1.276595744680851241e-01
1.276595744680851241e-01
1.276595744680851241e-01
1.276595744680851241e-01
1.250000000000000000e-01
1.250000000000000000e-01
1.250000000000000000e-01
1.250000000000000000e-01
1.250000000000000000e-01
1.224489795918367319e-01
1.224489795918367319e-01
1.224489795918367319e-01
1.224489795918367319e-01
1.224489795918367319e-01
1.200000000000000094e-01
1.200000000000000094e-01
1.200000000000000094e-01
1.200000000000000094e-01
1.200000000000000094e-01
1.176470588235294101e-01
1.176470588235294101e-01
1.176470588235294101e-01
1.176470588235294101e-01
1.176470588235294101e-01
1.153846153846153910e-01
1.153846153846153910e-01
1.153846153846153910e-01
1.153846153846153910e-01
1.153846153846153910e-01
1.132075471698113234e-01
1.132075471698113234e-01
1.132075471698113234e-01
1.132075471698113234e-01
1.132075471698113234e-01
1.111111111111111049e-01
1.111111111111111049e-01
1.111111111111111049e-01
1.111111111111111049e-01
1.111111111111111049e-01
1.090909090909090856e-01
1.090909090909090856e-01
1.090909090909090856e-01
1.090909090909090856e-01
1.090909090909090856e-01
1.071428571428571369e-01
1.071428571428571369e-01
1.071428571428571369e-01
0.000000000000000000e+00
0.000000000000000000e+00
0.000000000000000000e+00
0.000000000000000000e+00
0.000000000000000000e+00
0.000000000000000000e+00
0.000000000000000000e+00
0.000000000000000000e+00
0.000000000000000000e+00
0.000000000000000000e+00
0.000000000000000000e+00
0.000000000000000000e+00
0.000000000000000000e+00
0.000000000000000000e+00
0.000000000000000000e+00
0.000000000000000000e+00
0.000000000000000000e+00
0.000000000000000000e+00
0.000000000000000000e+00
0.000000000000000000e+00
0.000000000000000000e+00
0.000000000000000000e+00
0.000000000000000000e+00
0.000000000000000000e+00
0.000000000000000000e+00
0.000000000000000000e+00
0.000000000000000000e+00
0.000000000000000000e+00
0.000000000000000000e+00
0.000000000000000000e+00
0.000000000000000000e+00
0.000000000000000000e+00
0.000000000000000000e+00
0.000000000000000000e+00
0.000000000000000000e+00
0.000000000000000000e+00
0.000000000000000000e+00
0.000000000000000000e+00
9.375000000000000000e-02
9.375000000000000000e-02
9.375000000000000000e-02
9.375000000000000000e-02
9.230769230769231282e-02
9.230769230769231282e-02
9.230769230769231282e-02
9.230769230769231282e-02
9.230769230769231282e-02
9.090909090909091161e-02
9.090909090909091161e-02
9.090909090909091161e-02
9.090909090909091161e-02
9.090909090909091161e-02
8.955223880597015795e-02
8.955223880597015795e-02
8.955223880597015795e-02
8.955223880597015795e-02
8.955223880597015795e-02
8.823529411764706454e-02
8.823529411764706454e-02
8.823529411764706454e-02
8.823529411764706454e-02
8.823529411764706454e-02
8.695652173913044625e-02
8.695652173913044625e-02
8.695652173913044625e-02
8.695652173913044625e-02
8.695652173913044625e-02
8.571428571428571508e-02
8.571428571428571508e-02
8.571428571428571508e-02
8.571428571428571508e-02
8.571428571428571508e-02
8.450704225352113907e-02
8.450704225352113907e-02
8.450704225352113907e-02
8.450704225352113907e-02
8.450704225352113907e-02
8.333333333333332871e-02
8.333333333333332871e-02
8.333333333333332871e-02
8.333333333333332871e-02
8.333333333333332871e-02
8.219178082191780366e-02
8.219178082191780366e-02
8.219178082191780366e-02
8.219178082191780366e-02
8.219178082191780366e-02
8.108108108108108558e-02
8.108108108108108558e-02
8.108108108108108558e-02
8.108108108108108558e-02
8.108108108108108558e-02
8.000000000000001554e-02
8.000000000000001554e-02
8.000000000000001554e-02
8.000000000000001554e-02
8.000000000000001554e-02
7.894736842105262720e-02
7.894736842105262720e-02
7.894736842105262720e-02
7.894736842105262720e-02
7.894736842105262720e-02
7.792207792207793415e-02
7.792207792207793415e-02
7.792207792207793415e-02
7.792207792207793415e-02
7.792207792207793415e-02
7.692307692307692735e-02
7.692307692307692735e-02
7.692307692307692735e-02
7.692307692307692735e-02
7.692307692307692735e-02
7.594936708860759722e-02
7.594936708860759722e-02
7.594936708860759722e-02
7.594936708860759722e-02
7.594936708860759722e-02
7.500000000000001110e-02
0.000000000000000000e+00
0.000000000000000000e+00
0.000000000000000000e+00
0.000000000000000000e+00
0.000000000000000000e+00
0.000000000000000000e+00
0.000000000000000000e+00
0.000000000000000000e+00
0.000000000000000000e+00
0.000000000000000000e+00
0.000000000000000000e+00
0.000000000000000000e+00
0.000000000000000000e+00
0.000000000000000000e+00
7.228915662650603480e-02
7.228915662650603480e-02
7.228915662650603480e-02
7.228915662650603480e-02
7.228915662650603480e-02
7.142857142857142461e-02
7.142857142857142461e-02
7.142857142857142461e-02
7.142857142857142461e-02
7.142857142857142461e-02
7.058823529411764608e-02
7.058823529411764608e-02
7.058823529411764608e-02
7.058823529411764608e-02
7.058823529411764608e-02
6.976744186046511531e-02
6.976744186046511531e-02
6.976744186046511531e-02
6.976744186046511531e-02
6.976744186046511531e-02
6.896551724137930939e-02
6.896551724137930939e-02
6.896551724137930939e-02
6.896551724137930939e-02
6.896551724137930939e-02
6.818181818181819065e-02
6.818181818181819065e-02
6.818181818181819065e-02
6.818181818181819065e-02
6.818181818181819065e-02
6.741573033707864981e-02
6.741573033707864981e-02
6.741573033707864981e-02
6.741573033707864981e-02
6.741573033707864981e-02
6.666666666666667962e-02
6.666666666666667962e-02
6.666666666666667962e-02
6.666666666666667962e-02
6.666666666666667962e-02
6.593406593406594962e-02
6.593406593406594962e-02
6.593406593406594962e-02
6.593406593406594962e-02
6.593406593406594962e-02
6.521739130434782428e-02
6.521739130434782428e-02
6.521739130434782428e-02
6.521739130434782428e-02
6.521739130434782428e-02
6.451612903225807660e-02
6.451612903225807660e-02
6.451612903225807660e-02
6.451612903225807660e-02
6.451612903225807660e-02
6.382978723404256205e-02
6.382978723404256205e-02
6.382978723404256205e-02
6.382978723404256205e-02
6.382978723404256205e-02
6.315789473684210731e-02
6.315789473684210731e-02
6.315789473684210731e-02
6.315789473684210731e-02
6.315789473684210731e-02
6.250000000000000000e-02
6.250000000000000000e-02
6.250000000000000000e-02
6.250000000000000000e-02
6.250000000000000000e-02
6.185567010309278579e-02
6.185567010309278579e-02
6.185567010309278579e-02
6.185567010309278579e-02
6.185567010309278579e-02
6.122448979591836593e-02
6.122448979591836593e-02
6.122448979591836593e-02
6.122448979591836593e-02
6.122448979591836593e-02
6.060606060606061468e-02
6.060606060606061468e-02
6.060606060606061468e-02
6.060606060606061468e-02
6.060606060606061468e-02
6.000000000000000472e-02
6.000000000000000472e-02
6.000000000000000472e-02
6.000000000000000472e-02
6.000000000000000472e-02
5.940594059405941013e-02
5.940594059405941013e-02
5.940594059405941013e-02
5.940594059405941013e-02
1.188118811881188203e-01
1.176470588235294101e-01
1.176470588235294101e-01
1.176470588235294101e-01
1.176470588235294101e-01
1.176470588235294101e-01
1.165048543689320287e-01
1.165048543689320287e-01
1.165048543689320287e-01
5.825242718446601436e-02
5.825242718446601436e-02
5.769230769230769551e-02
5.769230769230769551e-02
5.769230769230769551e-02
5.769230769230769551e-02
5.769230769230769551e-02
5.714285714285714801e-02
5.714285714285714801e-02
5.714285714285714801e-02
5.714285714285714801e-02
5.714285714285714801e-02
5.660377358490566169e-02
5.660377358490566169e-02
5.660377358490566169e-02
5.660377358490566169e-02
5.660377358490566169e-02
5.607476635514018620e-02
5.607476635514018620e-02
5.607476635514018620e-02
5.607476635514018620e-02
5.607476635514018620e-02
5.555555555555555247e-02
5.555555555555555247e-02
5.555555555555555247e-02
5.555555555555555247e-02
5.555555555555555247e-02
5.504587155963303058e-02
5.504587155963303058e-02
5.504587155963303058e-02
5.504587155963303058e-02
5.504587155963303058e-02
5.454545454545454281e-02
5.454545454545454281e-02
5.454545454545454281e-02
5.454545454545454281e-02
5.454545454545454281e-02
5.405405405405405705e-02
5.405405405405405705e-02
5.405405405405405705e-02
5.405405405405405705e-02
5.405405405405405705e-02
5.357142857142856845e-02
5.357142857142856845e-02
5.357142857142856845e-02
5.357142857142856845e-02
5.357142857142856845e-02
5.309734513274336209e-02
5.309734513274336209e-02
5.309734513274336209e-02
5.309734513274336209e-02
5.309734513274336209e-02
5.263157894736841813e-02
5.263157894736841813e-02
5.263157894736841813e-02
5.263157894736841813e-02
5.263157894736841813e-02
5.217391304347826497e-02
5.217391304347826497e-02
5.217391304347826497e-02
5.217391304347826497e-02
5.217391304347826497e-02
5.172413793103448204e-02
5.172413793103448204e-02
5.172413793103448204e-02
5.172413793103448204e-02
5.172413793103448204e-02
5.128205128205128721e-02
5.128205128205128721e-02
5.128205128205128721e-02
5.128205128205128721e-02
5.128205128205128721e-02
5.084745762711864736e-02
5.084745762711864736e-02
5.084745762711864736e-02
5.084745762711864736e-02
5.084745762711864736e-02
5.042016806722689204e-02
5.042016806722689204e-02
5.042016806722689204e-02
5.042016806722689204e-02
5.042016806722689204e-02
5.000000000000000278e-02
5.000000000000000278e-02
5.000000000000000278e-02
1.000000000000000056e-01
1.000000000000000056e-01
9.917355371900826722e-02
9.917355371900826722e-02
9.917355371900826722e-02
9.917355371900826722e-02
9.917355371900826722e-02
9.836065573770493009e-02
9.836065573770493009e-02
9.836065573770493009e-02
9.836065573770493009e-02
9.836065573770493009e-02
9.756097560975611482e-02
9.756097560975611482e-02
9.756097560975611482e-02
9.756097560975611482e-02
9.756097560975611482e-02
9.677419354838709409e-02
9.677419354838709409e-02
9.677419354838709409e-02
9.677419354838709409e-02
9.677419354838709409e-02
9.600000000000000200e-02
9.600000000000000200e-02
9.600000000000000200e-02
9.600000000000000200e-02
9.600000000000000200e-02
9.523809523809523281e-02
9.523809523809523281e-02
9.523809523809523281e-02
9.523809523809523281e-02
9.523809523809523281e-02
9.448818897637795144e-02
4.724409448818897572e-02
4.724409448818897572e-02
4.724409448818897572e-02
4.724409448818897572e-02
4.687500000000000000e-02
4.687500000000000000e-02
4.687500000000000000e-02
4.687500000000000000e-02
4.687500000000000000e-02
4.651162790697674354e-02
4.651162790697674354e-02
4.651162790697674354e-02
4.651162790697674354e-02
4.651162790697674354e-02
4.615384615384615641e-02
4.615384615384615641e-02
4.615384615384615641e-02
4.615384615384615641e-02
4.615384615384615641e-02
4.580152671755725186e-02
4.580152671755725186e-02
4.580152671755725186e-02
4.580152671755725186e-02
4.580152671755725186e-02
4.545454545454545581e-02
4.545454545454545581e-02
4.545454545454545581e-02
4.545454545454545581e-02
4.545454545454545581e-02
4.511278195488721554e-02
4.511278195488721554e-02
4.511278195488721554e-02
4.511278195488721554e-02
4.511278195488721554e-02
4.477611940298507898e-02
4.477611940298507898e-02
4.477611940298507898e-02
4.477611940298507898e-02
4.477611940298507898e-02
4.444444444444444614e-02
4.444444444444444614e-02
4.444444444444444614e-02
4.444444444444444614e-02
4.444444444444444614e-02
4.411764705882353227e-02
4.411764705882353227e-02
4.411764705882353227e-02
4.411764705882353227e-02
4.411764705882353227e-02
4.379562043795620641e-02
4.379562043795620641e-02
4.379562043795620641e-02
4.379562043795620641e-02
4.379562043795620641e-02
4.347826086956522312e-02
4.347826086956522312e-02
4.347826086956522312e-02
4.347826086956522312e-02
4.347826086956522312e-02
4.316546762589928282e-02
4.316546762589928282e-02
8.633093525179856564e-02
8.633093525179856564e-02
8.633093525179856564e-02
8.571428571428571508e-02
8.571428571428571508e-02
8.571428571428571508e-02
8.571428571428571508e-02
8.571428571428571508e-02
8.510638297872340219e-02
8.510638297872340219e-02
8.510638297872340219e-02
8.510638297872340219e-02
8.510638297872340219e-02
8.450704225352113907e-02
8.450704225352113907e-02
8.450704225352113907e-02
8.450704225352113907e-02
8.450704225352113907e-02
8.391608391608391948e-02
8.391608391608391948e-02
8.391608391608391948e-02
8.391608391608391948e-02
8.391608391608391948e-02
8.333333333333332871e-02
8.333333333333332871e-02
8.333333333333332871e-02
8.333333333333332871e-02
8.333333333333332871e-02
8.275862068965517127e-02
8.275862068965517127e-02
8.275862068965517127e-02
8.275862068965517127e-02
8.275862068965517127e-02
8.219178082191780366e-02
8.219178082191780366e-02
8.219178082191780366e-02
8.219178082191780366e-02
8.219178082191780366e-02
8.163265306122449716e-02
8.163265306122449716e-02
8.163265306122449716e-02
8.163265306122449716e-02
8.163265306122449716e-02
8.108108108108108558e-02
8.108108108108108558e-02
8.108108108108108558e-02
8.108108108108108558e-02
8.108108108108108558e-02
8.053691275167786101e-02
8.053691275167786101e-02
8.053691275167786101e-02
8.053691275167786101e-02
8.053691275167786101e-02
8.000000000000001554e-02
8.000000000000001554e-02
8.000000000000001554e-02
4.000000000000000777e-02
4.000000000000000777e-02
3.973509933774834607e-02
3.973509933774834607e-02
3.973509933774834607e-02
3.973509933774834607e-02
3.973509933774834607e-02
3.947368421052631360e-02
3.947368421052631360e-02
3.947368421052631360e-02
3.947368421052631360e-02
3.947368421052631360e-02
3.921568627450981032e-02
3.921568627450981032e-02
3.921568627450981032e-02
3.921568627450981032e-02
3.921568627450981032e-02
3.896103896103896708e-02
3.896103896103896708e-02
3.896103896103896708e-02
3.896103896103896708e-02
3.896103896103896708e-02
3.870967741935484041e-02
3.870967741935484041e-02
3.870967741935484041e-02
3.870967741935484041e-02
3.870967741935484041e-02
3.846153846153846367e-02
3.846153846153846367e-02
3.846153846153846367e-02
3.846153846153846367e-02
3.846153846153846367e-02
3.821656050955414552e-02
3.821656050955414552e-02
3.821656050955414552e-02
3.821656050955414552e-02
3.821656050955414552e-02
3.797468354430379861e-02
7.594936708860759722e-02
7.594936708860759722e-02
7.594936708860759722e-02
7.594936708860759722e-02
7.547169811320755817e-02
7.547169811320755817e-02
7.547169811320755817e-02
7.547169811320755817e-02
7.547169811320755817e-02
7.500000000000001110e-02
7.500000000000001110e-02
7.500000000000001110e-02
7.500000000000001110e-02
7.500000000000001110e-02
7.453416149068323171e-02
7.453416149068323171e-02
7.453416149068323171e-02
7.453416149068323171e-02
7.453416149068323171e-02
7.407407407407406996e-02
7.407407407407406996e-02
7.407407407407406996e-02
7.407407407407406996e-02
7.407407407407406996e-02
7.361963190184049599e-02
7.361963190184049599e-02
7.361963190184049599e-02
7.361963190184049599e-02
7.361963190184049599e-02
7.317073170731708265e-02
7.317073170731708265e-02
7.317073170731708265e-02
7.317073170731708265e-02
7.317073170731708265e-02
7.272727272727273762e-02
7.272727272727273762e-02
7.272727272727273762e-02
7.272727272727273762e-02
7.272727272727273762e-02
7.228915662650603480e-02
7.228915662650603480e-02
7.228915662650603480e-02
7.228915662650603480e-02
7.228915662650603480e-02
7.185628742514971190e-02
7.185628742514971190e-02
7.185628742514971190e-02
7.185628742514971190e-02
7.185628742514971190e-02
7.142857142857142461e-02
7.142857142857142461e-02
7.142857142857142461e-02
7.142857142857142461e-02
7.142857142857142461e-02
7.100591715976331542e-02
7.100591715976331542e-02
7.100591715976331542e-02
7.100591715976331542e-02
7.100591715976331542e-02
7.058823529411764608e-02
7.058823529411764608e-02
7.058823529411764608e-02
7.058823529411764608e-02
7.058823529411764608e-02
7.017543859649122417e-02
7.017543859649122417e-02
7.017543859649122417e-02
7.017543859649122417e-02
7.017543859649122417e-02
6.976744186046511531e-02
6.976744186046511531e-02
6.976744186046511531e-02
6.976744186046511531e-02
6.976744186046511531e-02
6.936416184971098964e-02
6.936416184971098964e-02
6.936416184971098964e-02
6.936416184971098964e-02
6.936416184971098964e-02
6.896551724137930939e-02
3.448275862068965469e-02
3.448275862068965469e-02
3.448275862068965469e-02
3.448275862068965469e-02
3.428571428571428742e-02
3.428571428571428742e-02
3.428571428571428742e-02
3.428571428571428742e-02
3.428571428571428742e-02
3.409090909090909532e-02
3.409090909090909532e-02
3.409090909090909532e-02
3.409090909090909532e-02
3.409090909090909532e-02
6.779661016949152519e-02
6.779661016949152519e-02
6.779661016949152519e-02
6.779661016949152519e-02
6.779661016949152519e-02
6.741573033707864981e-02
6.741573033707864981e-02
6.741573033707864981e-02
6.741573033707864981e-02
6.741573033707864981e-02
6.703910614525140921e-02
6.703910614525140921e-02
6.703910614525140921e-02
6.703910614525140921e-02
6.703910614525140921e-02
6.666666666666667962e-02
6.666666666666667962e-02
6.666666666666667962e-02
6.666666666666667962e-02
6.666666666666667962e-02
6.629834254143646133e-02
6.629834254143646133e-02
6.629834254143646133e-02
6.629834254143646133e-02
6.629834254143646133e-02
6.593406593406594962e-02
6.593406593406594962e-02
6.593406593406594962e-02
6.593406593406594962e-02
6.593406593406594962e-02
6.557377049180328210e-02
6.557377049180328210e-02
6.557377049180328210e-02
6.557377049180328210e-02
6.557377049180328210e-02
6.521739130434782428e-02
6.521739130434782428e-02
6.521739130434782428e-02
6.521739130434782428e-02
6.521739130434782428e-02
6.486486486486486847e-02
6.486486486486486847e-02
6.486486486486486847e-02
6.486486486486486847e-02
6.486486486486486847e-02
6.451612903225807660e-02
6.451612903225807660e-02
6.451612903225807660e-02
6.451612903225807660e-02
6.451612903225807660e-02
6.417112299465241310e-02
6.417112299465241310e-02
6.417112299465241310e-02
6.417112299465241310e-02
6.417112299465241310e-02
6.382978723404256205e-02
6.382978723404256205e-02
6.382978723404256205e-02
6.382978723404256205e-02
6.382978723404256205e-02
6.349206349206348854e-02
6.349206349206348854e-02
6.349206349206348854e-02
6.349206349206348854e-02
6.349206349206348854e-02
6.315789473684210731e-02
6.315789473684210731e-02
6.315789473684210731e-02
6.315789473684210731e-02
6.315789473684210731e-02
6.282722513089006311e-02
6.282722513089006311e-02
6.282722513089006311e-02
6.282722513089006311e-02
6.282722513089006311e-02
6.250000000000000000e-02
6.250000000000000000e-02
6.250000000000000000e-02
6.250000000000000000e-02
6.250000000000000000e-02
6.217616580310881408e-02
6.217616580310881408e-02
6.217616580310881408e-02
6.217616580310881408e-02
6.217616580310881408e-02
6.185567010309278579e-02
6.185567010309278579e-02
6.185567010309278579e-02
6.185567010309278579e-02
6.185567010309278579e-02
6.153846153846154188e-02
6.153846153846154188e-02
6.153846153846154188e-02
6.153846153846154188e-02
9.230769230769231282e-02
9.183673469387755584e-02
9.183673469387755584e-02
9.183673469387755584e-02
9.183673469387755584e-02
9.183673469387755584e-02
9.137055837563452798e-02
9.137055837563452798e-02
9.137055837563452798e-02
6.091370558375634042e-02
6.091370558375634042e-02
6.060606060606061468e-02
6.060606060606061468e-02
6.060606060606061468e-02
6.060606060606061468e-02
6.060606060606061468e-02
6.030150753768844657e-02
6.030150753768844657e-02
6.030150753768844657e-02
6.030150753768844657e-02
6.030150753768844657e-02
6.000000000000000472e-02
6.000000000000000472e-02
6.000000000000000472e-02
6.000000000000000472e-02
6.000000000000000472e-02
5.970149253731343170e-02
5.970149253731343170e-02
5.970149253731343170e-02
5.970149253731343170e-02
5.970149253731343170e-02
5.940594059405941013e-02
5.940594059405941013e-02
5.940594059405941013e-02
5.940594059405941013e-02
5.940594059405941013e-02
5.911330049261084157e-02
5.911330049261084157e-02
5.911330049261084157e-02
5.911330049261084157e-02
5.911330049261084157e-02
5.882352941176470507e-02
5.882352941176470507e-02
5.882352941176470507e-02
5.882352941176470507e-02
5.882352941176470507e-02
5.853658536585366196e-02
5.853658536585366196e-02
5.853658536585366196e-02
5.853658536585366196e-02
5.853658536585366196e-02
5.825242718446601436e-02
5.825242718446601436e-02
5.825242718446601436e-02
5.825242718446601436e-02
5.825242718446601436e-02
5.797101449275362389e-02
5.797101449275362389e-02
5.797101449275362389e-02
5.797101449275362389e-02
5.797101449275362389e-02
5.769230769230769551e-02
5.769230769230769551e-02
5.769230769230769551e-02
5.769230769230769551e-02
5.769230769230769551e-02
5.741626794258373329e-02
5.741626794258373329e-02
5.741626794258373329e-02
5.741626794258373329e-02
5.741626794258373329e-02
5.714285714285714801e-02
5.714285714285714801e-02
5.714285714285714801e-02
5.714285714285714801e-02
5.714285714285714801e-02
5.687203791469194747e-02
5.687203791469194747e-02
5.687203791469194747e-02
5.687203791469194747e-02
5.687203791469194747e-02
5.660377358490566169e-02
5.660377358490566169e-02
5.660377358490566169e-02
5.660377358490566169e-02
5.660377358490566169e-02
5.633802816901408578e-02
5.633802816901408578e-02
5.633802816901408578e-02
5.633802816901408578e-02
5.633802816901408578e-02
5.607476635514018620e-02
5.607476635514018620e-02
5.607476635514018620e-02
8.411214953271028971e-02
8.411214953271028971e-02
8.372093023255813837e-02
8.372093023255813837e-02
8.372093023255813837e-02
8.372093023255813837e-02
8.372093023255813837e-02
8.333333333333332871e-02
8.333333333333332871e-02
8.333333333333332871e-02
8.333333333333332871e-02
8.333333333333332871e-02
8.294930875576038420e-02
8.294930875576038420e-02
8.294930875576038420e-02
8.294930875576038420e-02
8.294930875576038420e-02
8.256880733944954587e-02
8.256880733944954587e-02
8.256880733944954587e-02
8.256880733944954587e-02
8.256880733944954587e-02
8.219178082191780366e-02
8.219178082191780366e-02
8.219178082191780366e-02
8.219178082191780366e-02
8.219178082191780366e-02
8.181818181818181768e-02
8.181818181818181768e-02
8.181818181818181768e-02
8.181818181818181768e-02
8.181818181818181768e-02
8.144796380090497945e-02
5.429864253393665990e-02
5.429864253393665990e-02
5.429864253393665990e-02
5.429864253393665990e-02
5.405405405405405705e-02
5.405405405405405705e-02
5.405405405405405705e-02
5.405405405405405705e-02
5.405405405405405705e-02
5.381165919282511478e-02
5.381165919282511478e-02
5.381165919282511478e-02
5.381165919282511478e-02
5.381165919282511478e-02
5.357142857142856845e-02
5.357142857142856845e-02
5.357142857142856845e-02
5.357142857142856845e-02
5.357142857142856845e-02
5.333333333333333676e-02
5.333333333333333676e-02
5.333333333333333676e-02
5.333333333333333676e-02
5.333333333333333676e-02
5.309734513274336209e-02
5.309734513274336209e-02
5.309734513274336209e-02
5.309734513274336209e-02
5.309734513274336209e-02
5.286343612334802600e-02
5.286343612334802600e-02
5.286343612334802600e-02
5.286343612334802600e-02
5.286343612334802600e-02
5.263157894736841813e-02
5.263157894736841813e-02
5.263157894736841813e-02
5.263157894736841813e-02
5.263157894736841813e-02
5.240174672489082697e-02
5.240174672489082697e-02
5.240174672489082697e-02
5.240174672489082697e-02
5.240174672489082697e-02
5.217391304347826497e-02
5.217391304347826497e-02
5.217391304347826497e-02
5.217391304347826497e-02
5.217391304347826497e-02
5.194805194805195148e-02
5.194805194805195148e-02
5.194805194805195148e-02
5.194805194805195148e-02
5.194805194805195148e-02
5.172413793103448204e-02
5.172413793103448204e-02
5.172413793103448204e-02
5.172413793103448204e-02
5.172413793103448204e-02
5.150214592274678094e-02
5.150214592274678094e-02
7.725321888412017834e-02
7.725321888412017834e-02
7.725321888412017834e-02
7.692307692307692735e-02
7.692307692307692735e-02
7.692307692307692735e-02
7.692307692307692735e-02
7.692307692307692735e-02
7.659574468085106336e-02
7.659574468085106336e-02
7.659574468085106336e-02
7.659574468085106336e-02
7.659574468085106336e-02
7.627118644067797104e-02
7.627118644067797104e-02
7.627118644067797104e-02
7.627118644067797104e-02
7.627118644067797104e-02
7.594936708860759722e-02
7.594936708860759722e-02
7.594936708860759722e-02
7.594936708860759722e-02
7.594936708860759722e-02
7.563025210084034500e-02
7.563025210084034500e-02
7.563025210084034500e-02
7.563025210084034500e-02
7.563025210084034500e-02
7.531380753138075534e-02
7.531380753138075534e-02
7.531380753138075534e-02
7.531380753138075534e-02
7.531380753138075534e-02
7.500000000000001110e-02
7.500000000000001110e-02
7.500000000000001110e-02
7.500000000000001110e-02
7.500000000000001110e-02
7.468879668049792364e-02
7.468879668049792364e-02
7.468879668049792364e-02
7.468879668049792364e-02
7.468879668049792364e-02
7.438016528925620041e-02
7.438016528925620041e-02
7.438016528925620041e-02
7.438016528925620041e-02
7.438016528925620041e-02
7.407407407407406996e-02
7.407407407407406996e-02
7.407407407407406996e-02
7.407407407407406996e-02
7.407407407407406996e-02
7.377049180327868716e-02
7.377049180327868716e-02
7.377049180327868716e-02
4.918032786885246505e-02
4.918032786885246505e-02
4.897959183673469830e-02
4.897959183673469830e-02
4.897959183673469830e-02
4.897959183673469830e-02
4.897959183673469830e-02
4.878048780487805741e-02
4.878048780487805741e-02
4.878048780487805741e-02
4.878048780487805741e-02
4.878048780487805741e-02
4.858299595141700455e-02
4.858299595141700455e-02
4.858299595141700455e-02
4.858299595141700455e-02
4.858299595141700455e-02
4.838709677419354704e-02
4.838709677419354704e-02
4.838709677419354704e-02
4.838709677419354704e-02
4.838709677419354704e-02
4.819277108433734497e-02
4.819277108433734497e-02
4.819277108433734497e-02
4.819277108433734497e-02
4.819277108433734497e-02
4.800000000000000100e-02
4.800000000000000100e-02
4.800000000000000100e-02
4.800000000000000100e-02
4.800000000000000100e-02
4.780876494023904300e-02
4.780876494023904300e-02
4.780876494023904300e-02
4.780876494023904300e-02
4.780876494023904300e-02
4.761904761904761640e-02
7.142857142857142461e-02
7.142857142857142461e-02
7.142857142857142461e-02
7.142857142857142461e-02
7.114624505928854314e-02
7.114624505928854314e-02
7.114624505928854314e-02
7.114624505928854314e-02
7.114624505928854314e-02
7.086614173228346358e-02
7.086614173228346358e-02
7.086614173228346358e-02
7.086614173228346358e-02
7.086614173228346358e-02
7.058823529411764608e-02
7.058823529411764608e-02
7.058823529411764608e-02
7.058823529411764608e-02
7.058823529411764608e-02
7.031250000000000000e-02
7.031250000000000000e-02
7.031250000000000000e-02
7.031250000000000000e-02
7.031250000000000000e-02
7.003891050583657685e-02
7.003891050583657685e-02
7.003891050583657685e-02
7.003891050583657685e-02
7.003891050583657685e-02
6.976744186046511531e-02
6.976744186046511531e-02
6.976744186046511531e-02
6.976744186046511531e-02
6.976744186046511531e-02
6.949806949806949796e-02
6.949806949806949796e-02
6.949806949806949796e-02
6.949806949806949796e-02
6.949806949806949796e-02
6.923076923076923461e-02
6.923076923076923461e-02
6.923076923076923461e-02
6.923076923076923461e-02
6.923076923076923461e-02
6.896551724137930939e-02
6.896551724137930939e-02
6.896551724137930939e-02
6.896551724137930939e-02
6.896551724137930939e-02
6.870229007633588125e-02
6.870229007633588125e-02
6.870229007633588125e-02
6.870229007633588125e-02
6.870229007633588125e-02
6.844106463878327218e-02
6.844106463878327218e-02
6.844106463878327218e-02
6.844106463878327218e-02
6.844106463878327218e-02
6.818181818181819065e-02
6.818181818181819065e-02
6.818181818181819065e-02
6.818181818181819065e-02
6.818181818181819065e-02
6.792452830188679125e-02
6.792452830188679125e-02
6.792452830188679125e-02
6.792452830188679125e-02
6.792452830188679125e-02
6.766917293233082331e-02
6.766917293233082331e-02
6.766917293233082331e-02
6.766917293233082331e-02
6.766917293233082331e-02
6.741573033707864981e-02
6.741573033707864981e-02
6.741573033707864981e-02
6.741573033707864981e-02
6.741573033707864981e-02
6.716417910447761153e-02
4.477611940298507898e-02
4.477611940298507898e-02
4.477611940298507898e-02
4.477611940298507898e-02
4.460966542750929159e-02
4.460966542750929159e-02
4.460966542750929159e-02
4.460966542750929159e-02
4.460966542750929159e-02
4.444444444444444614e-02
4.444444444444444614e-02
4.444444444444444614e-02
4.444444444444444614e-02
4.444444444444444614e-02
4.428044280442804820e-02
6.642066420664206883e-02
6.642066420664206883e-02
6.642066420664206883e-02
6.642066420664206883e-02
6.617647058823530881e-02
6.617647058823530881e-02
6.617647058823530881e-02
6.617647058823530881e-02
6.617647058823530881e-02
6.593406593406594962e-02
6.593406593406594962e-02
6.593406593406594962e-02
6.593406593406594962e-02
6.593406593406594962e-02
6.569343065693430961e-02
6.569343065693430961e-02
6.569343065693430961e-02
6.569343065693430961e-02
6.569343065693430961e-02
6.545454545454545969e-02
6.545454545454545969e-02
6.545454545454545969e-02
6.545454545454545969e-02
6.545454545454545969e-02
6.521739130434782428e-02
6.521739130434782428e-02
6.521739130434782428e-02
6.521739130434782428e-02
6.521739130434782428e-02
6.498194945848376203e-02
6.498194945848376203e-02
6.498194945848376203e-02
6.498194945848376203e-02
6.498194945848376203e-02
6.474820143884893464e-02
6.474820143884893464e-02
6.474820143884893464e-02
6.474820143884893464e-02
6.474820143884893464e-02
6.451612903225807660e-02
6.451612903225807660e-02
6.451612903225807660e-02
6.451612903225807660e-02
6.451612903225807660e-02
6.428571428571429325e-02
6.428571428571429325e-02
6.428571428571429325e-02
6.428571428571429325e-02
6.428571428571429325e-02
6.405693950177936136e-02
6.405693950177936136e-02
6.405693950177936136e-02
6.405693950177936136e-02
6.405693950177936136e-02
6.382978723404256205e-02
6.382978723404256205e-02
6.382978723404256205e-02
6.382978723404256205e-02
6.382978723404256205e-02
6.360424028268552021e-02
6.360424028268552021e-02
6.360424028268552021e-02
6.360424028268552021e-02
6.360424028268552021e-02
6.338028169014084390e-02
6.338028169014084390e-02
6.338028169014084390e-02
6.338028169014084390e-02
6.338028169014084390e-02
6.315789473684210731e-02
6.315789473684210731e-02
6.315789473684210731e-02
6.315789473684210731e-02
6.315789473684210731e-02
6.293706293706294308e-02
6.293706293706294308e-02
6.293706293706294308e-02
6.293706293706294308e-02
6.293706293706294308e-02
6.271777003484321766e-02
6.271777003484321766e-02
6.271777003484321766e-02
6.271777003484321766e-02
6.271777003484321766e-02
6.250000000000000000e-02
6.250000000000000000e-02
6.250000000000000000e-02
6.250000000000000000e-02
6.250000000000000000e-02
6.228373702422144997e-02
6.228373702422144997e-02
6.228373702422144997e-02
6.228373702422144997e-02
6.228373702422144997e-02
8.275862068965517127e-02
8.275862068965517127e-02
8.275862068965517127e-02
8.275862068965517127e-02
8.275862068965517127e-02
8.247422680412370977e-02
8.247422680412370977e-02
8.247422680412370977e-02
6.185567010309278579e-02
6.185567010309278579e-02
6.164383561643835274e-02
6.164383561643835274e-02
6.164383561643835274e-02
6.164383561643835274e-02
6.164383561643835274e-02
6.143344709897610723e-02
6.143344709897610723e-02
6.143344709897610723e-02
6.143344709897610723e-02
6.143344709897610723e-02
6.122448979591836593e-02
6.122448979591836593e-02
6.122448979591836593e-02
6.122448979591836593e-02
6.122448979591836593e-02
6.101694915254236851e-02
6.101694915254236851e-02
6.101694915254236851e-02
6.101694915254236851e-02
6.101694915254236851e-02
6.081081081081081419e-02
6.081081081081081419e-02
6.081081081081081419e-02
6.081081081081081419e-02
6.081081081081081419e-02
6.060606060606061468e-02
6.060606060606061468e-02
6.060606060606061468e-02
6.060606060606061468e-02
6.060606060606061468e-02
6.040268456375838535e-02
6.040268456375838535e-02
6.040268456375838535e-02
6.040268456375838535e-02
6.040268456375838535e-02
6.020066889632107177e-02
6.020066889632107177e-02
6.020066889632107177e-02
6.020066889632107177e-02
6.020066889632107177e-02
6.000000000000000472e-02
6.000000000000000472e-02
6.000000000000000472e-02
6.000000000000000472e-02
6.000000000000000472e-02
5.980066445182723872e-02
5.980066445182723872e-02
5.980066445182723872e-02
5.980066445182723872e-02
5.980066445182723872e-02
5.960264900662252258e-02
5.960264900662252258e-02
5.960264900662252258e-02
5.960264900662252258e-02
5.960264900662252258e-02
5.940594059405941013e-02
5.940594059405941013e-02
5.940594059405941013e-02
5.940594059405941013e-02
5.940594059405941013e-02
5.921052631578947040e-02
5.921052631578947040e-02
5.921052631578947040e-02
5.921052631578947040e-02
5.921052631578947040e-02
5.901639344262295944e-02
5.901639344262295944e-02
5.901639344262295944e-02
5.901639344262295944e-02
5.901639344262295944e-02
5.882352941176470507e-02
5.882352941176470507e-02
5.882352941176470507e-02
5.882352941176470507e-02
5.882352941176470507e-02
5.863192182410423281e-02
5.863192182410423281e-02
5.863192182410423281e-02
5.863192182410423281e-02
5.863192182410423281e-02
5.844155844155844021e-02
5.844155844155844021e-02
5.844155844155844021e-02
5.844155844155844021e-02
7.792207792207793415e-02
7.766990291262136636e-02
7.766990291262136636e-02
7.766990291262136636e-02
7.766990291262136636e-02
7.766990291262136636e-02
7.741935483870968082e-02
7.741935483870968082e-02
7.741935483870968082e-02
7.741935483870968082e-02
7.741935483870968082e-02
7.717041800643087424e-02
7.717041800643087424e-02
7.717041800643087424e-02
7.717041800643087424e-02
7.717041800643087424e-02
7.692307692307692735e-02
7.692307692307692735e-02
7.692307692307692735e-02
7.692307692307692735e-02
7.692307692307692735e-02
7.667731629392970927e-02
7.667731629392970927e-02
7.667731629392970927e-02
7.667731629392970927e-02
7.667731629392970927e-02
7.643312101910829104e-02
7.643312101910829104e-02
7.643312101910829104e-02
7.643312101910829104e-02
7.643312101910829104e-02
7.619047619047619735e-02
5.714285714285714801e-02
5.714285714285714801e-02
5.714285714285714801e-02
5.714285714285714801e-02
5.696202531645570138e-02
5.696202531645570138e-02
5.696202531645570138e-02
5.696202531645570138e-02
5.696202531645570138e-02
5.678233438485804502e-02
5.678233438485804502e-02
5.678233438485804502e-02
5.678233438485804502e-02
5.678233438485804502e-02
5.660377358490566169e-02
5.660377358490566169e-02
5.660377358490566169e-02
5.660377358490566169e-02
5.660377358490566169e-02
5.642633228840125692e-02
5.642633228840125692e-02
5.642633228840125692e-02
5.642633228840125692e-02
5.642633228840125692e-02
5.625000000000000139e-02
5.625000000000000139e-02
5.625000000000000139e-02
5.625000000000000139e-02
5.625000000000000139e-02
5.607476635514018620e-02
5.607476635514018620e-02
5.607476635514018620e-02
5.607476635514018620e-02
5.607476635514018620e-02
5.590062111801242378e-02
5.590062111801242378e-02
5.590062111801242378e-02
5.590062111801242378e-02
5.590062111801242378e-02
5.572755417956656160e-02
5.572755417956656160e-02
5.572755417956656160e-02
5.572755417956656160e-02
5.572755417956656160e-02
5.555555555555555247e-02
5.555555555555555247e-02
5.555555555555555247e-02
5.555555555555555247e-02
5.555555555555555247e-02
5.538461538461539324e-02
5.538461538461539324e-02
5.538461538461539324e-02
5.538461538461539324e-02
5.538461538461539324e-02
5.521472392638037546e-02
5.521472392638037546e-02
5.521472392638037546e-02
5.521472392638037546e-02
5.521472392638037546e-02
5.504587155963303058e-02
5.504587155963303058e-02
5.504587155963303058e-02
7.339449541284404077e-02
7.339449541284404077e-02
7.317073170731708265e-02
7.317073170731708265e-02
7.317073170731708265e-02
7.317073170731708265e-02
7.317073170731708265e-02
7.294832826747721377e-02
7.294832826747721377e-02
7.294832826747721377e-02
7.294832826747721377e-02
7.294832826747721377e-02
7.272727272727273762e-02
7.272727272727273762e-02
7.272727272727273762e-02
7.272727272727273762e-02
7.272727272727273762e-02
7.250755287009064132e-02
7.250755287009064132e-02
7.250755287009064132e-02
7.250755287009064132e-02
7.250755287009064132e-02
7.228915662650603480e-02
7.228915662650603480e-02
7.228915662650603480e-02
7.228915662650603480e-02
7.228915662650603480e-02
7.207207207207207145e-02
7.207207207207207145e-02
7.207207207207207145e-02
7.207207207207207145e-02
7.207207207207207145e-02
7.185628742514971190e-02
7.185628742514971190e-02
7.185628742514971190e-02
7.185628742514971190e-02
7.185628742514971190e-02
7.164179104477612359e-02
7.164179104477612359e-02
7.164179104477612359e-02
7.164179104477612359e-02
7.164179104477612359e-02
7.142857142857142461e-02
7.142857142857142461e-02
7.142857142857142461e-02
7.142857142857142461e-02
7.142857142857142461e-02
7.121661721068249518e-02
7.121661721068249518e-02
7.121661721068249518e-02
7.121661721068249518e-02
7.121661721068249518e-02
7.100591715976331542e-02
7.100591715976331542e-02
7.100591715976331542e-02
7.100591715976331542e-02
5.325443786982248656e-02
5.309734513274336209e-02
5.309734513274336209e-02
5.309734513274336209e-02
5.309734513274336209e-02
5.309734513274336209e-02
5.294117647058823456e-02
5.294117647058823456e-02
5.294117647058823456e-02
5.294117647058823456e-02
5.294117647058823456e-02
5.278592375366569778e-02
5.278592375366569778e-02
5.278592375366569778e-02
5.278592375366569778e-02
5.278592375366569778e-02
5.263157894736841813e-02
5.263157894736841813e-02
5.263157894736841813e-02
5.263157894736841813e-02
5.263157894736841813e-02
5.247813411078717377e-02
5.247813411078717377e-02
5.247813411078717377e-02
5.247813411078717377e-02
5.247813411078717377e-02
5.232558139534883995e-02
5.232558139534883995e-02
5.232558139534883995e-02
5.232558139534883995e-02
5.232558139534883995e-02
5.217391304347826497e-02
5.217391304347826497e-02
5.217391304347826497e-02
5.217391304347826497e-02
5.217391304347826497e-02
5.202312138728323182e-02
5.202312138728323182e-02
6.936416184971098964e-02
6.936416184971098964e-02
6.936416184971098964e-02
6.916426512968300300e-02
6.916426512968300300e-02
6.916426512968300300e-02
6.916426512968300300e-02
6.916426512968300300e-02
6.896551724137930939e-02
6.896551724137930939e-02
6.896551724137930939e-02
6.896551724137930939e-02
6.896551724137930939e-02
6.876790830945558874e-02
6.876790830945558874e-02
6.876790830945558874e-02
6.876790830945558874e-02
6.876790830945558874e-02
6.857142857142857484e-02
6.857142857142857484e-02
6.857142857142857484e-02
6.857142857142857484e-02
6.857142857142857484e-02
6.837606837606838295e-02
6.837606837606838295e-02
6.837606837606838295e-02
6.837606837606838295e-02
6.837606837606838295e-02
6.818181818181819065e-02
6.818181818181819065e-02
6.818181818181819065e-02
6.818181818181819065e-02
6.818181818181819065e-02
6.798866855524079988e-02
6.798866855524079988e-02
6.798866855524079988e-02
6.798866855524079988e-02
6.798866855524079988e-02
6.779661016949152519e-02
6.779661016949152519e-02
6.779661016949152519e-02
6.779661016949152519e-02
6.779661016949152519e-02
6.760563380281690848e-02
6.760563380281690848e-02
6.760563380281690848e-02
6.760563380281690848e-02
6.760563380281690848e-02
6.741573033707864981e-02
6.741573033707864981e-02
6.741573033707864981e-02
6.741573033707864981e-02
6.741573033707864981e-02
6.722689075630253197e-02
6.722689075630253197e-02
6.722689075630253197e-02
6.722689075630253197e-02
6.722689075630253197e-02
6.703910614525140921e-02
6.703910614525140921e-02
6.703910614525140921e-02
6.703910614525140921e-02
6.703910614525140921e-02
6.685236768802228779e-02
6.685236768802228779e-02
6.685236768802228779e-02
6.685236768802228779e-02
6.685236768802228779e-02
6.666666666666667962e-02
6.666666666666667962e-02
6.666666666666667962e-02
6.666666666666667962e-02
6.666666666666667962e-02
6.648199445983379863e-02
6.648199445983379863e-02
6.648199445983379863e-02
6.648199445983379863e-02
6.648199445983379863e-02
6.629834254143646133e-02
6.629834254143646133e-02
4.972375690607734600e-02
4.972375690607734600e-02
4.972375690607734600e-02
4.958677685950413361e-02
4.958677685950413361e-02
4.958677685950413361e-02
4.958677685950413361e-02
4.958677685950413361e-02
4.945054945054945528e-02
4.945054945054945528e-02
4.945054945054945528e-02
4.945054945054945528e-02
4.945054945054945528e-02
4.931506849315068358e-02
6.575342465753425403e-02
6.575342465753425403e-02
6.575342465753425403e-02
6.575342465753425403e-02
6.557377049180328210e-02
6.557377049180328210e-02
6.557377049180328210e-02
6.557377049180328210e-02
6.557377049180328210e-02
6.539509536784741950e-02
6.539509536784741950e-02
6.539509536784741950e-02
6.539509536784741950e-02
6.539509536784741950e-02
6.521739130434782428e-02
6.521739130434782428e-02
6.521739130434782428e-02
6.521739130434782428e-02
6.521739130434782428e-02
6.504065040650407192e-02
6.504065040650407192e-02
6.504065040650407192e-02
6.504065040650407192e-02
6.504065040650407192e-02
6.486486486486486847e-02
6.486486486486486847e-02
6.486486486486486847e-02
6.486486486486486847e-02
6.486486486486486847e-02
6.469002695417790105e-02
6.469002695417790105e-02
6.469002695417790105e-02
6.469002695417790105e-02
6.469002695417790105e-02
6.451612903225807660e-02
6.451612903225807660e-02
6.451612903225807660e-02
6.451612903225807660e-02
6.451612903225807660e-02
6.434316353887399587e-02
6.434316353887399587e-02
6.434316353887399587e-02
6.434316353887399587e-02
6.434316353887399587e-02
6.417112299465241310e-02
6.417112299465241310e-02
6.417112299465241310e-02
6.417112299465241310e-02
6.417112299465241310e-02
6.400000000000000133e-02
6.400000000000000133e-02
6.400000000000000133e-02
6.400000000000000133e-02
6.400000000000000133e-02
6.382978723404256205e-02
6.382978723404256205e-02
6.382978723404256205e-02
6.382978723404256205e-02
6.382978723404256205e-02
6.366047745358090204e-02
6.366047745358090204e-02
6.366047745358090204e-02
6.366047745358090204e-02
6.366047745358090204e-02
6.349206349206348854e-02
6.349206349206348854e-02
6.349206349206348854e-02
6.349206349206348854e-02
6.349206349206348854e-02
6.332453825857520258e-02
6.332453825857520258e-02
6.332453825857520258e-02
6.332453825857520258e-02
6.332453825857520258e-02
6.315789473684210731e-02
6.315789473684210731e-02
6.315789473684210731e-02
6.315789473684210731e-02
6.315789473684210731e-02
6.299212598425196763e-02
6.299212598425196763e-02
6.299212598425196763e-02
6.299212598425196763e-02
6.299212598425196763e-02
6.282722513089006311e-02
6.282722513089006311e-02
6.282722513089006311e-02
6.282722513089006311e-02
6.282722513089006311e-02
6.266318537859008608e-02
6.266318537859008608e-02
6.266318537859008608e-02
6.266318537859008608e-02
6.266318537859008608e-02
7.812500000000001388e-02
7.812500000000001388e-02
7.812500000000001388e-02
7.812500000000001388e-02
7.812500000000001388e-02
7.792207792207793415e-02
7.792207792207793415e-02
7.792207792207793415e-02
7.792207792207793415e-02
6.233766233766233761e-02
6.217616580310881408e-02
6.217616580310881408e-02
6.217616580310881408e-02
6.217616580310881408e-02
6.217616580310881408e-02
6.201550387596899833e-02
6.201550387596899833e-02
6.201550387596899833e-02
6.201550387596899833e-02
6.201550387596899833e-02
6.185567010309278579e-02
6.185567010309278579e-02
6.185567010309278579e-02
6.185567010309278579e-02
6.185567010309278579e-02
6.169665809768637432e-02
6.169665809768637432e-02
6.169665809768637432e-02
6.169665809768637432e-02
6.169665809768637432e-02
6.153846153846154188e-02
6.153846153846154188e-02
6.153846153846154188e-02
6.153846153846154188e-02
6.153846153846154188e-02
6.138107416879796246e-02
6.138107416879796246e-02
6.138107416879796246e-02
6.138107416879796246e-02
6.138107416879796246e-02
6.122448979591836593e-02
6.122448979591836593e-02
6.122448979591836593e-02
6.122448979591836593e-02
6.122448979591836593e-02
6.106870229007634043e-02
6.106870229007634043e-02
6.106870229007634043e-02
6.106870229007634043e-02
6.106870229007634043e-02
6.091370558375634042e-02
6.091370558375634042e-02
6.091370558375634042e-02
6.091370558375634042e-02
6.091370558375634042e-02
6.075949367088608055e-02
6.075949367088608055e-02
6.075949367088608055e-02
6.075949367088608055e-02
6.075949367088608055e-02
6.060606060606061468e-02
6.060606060606061468e-02
6.060606060606061468e-02
6.060606060606061468e-02
6.060606060606061468e-02
6.045340050377833591e-02
6.045340050377833591e-02
6.045340050377833591e-02
6.045340050377833591e-02
6.045340050377833591e-02
6.030150753768844657e-02
6.030150753768844657e-02
6.030150753768844657e-02
6.030150753768844657e-02
6.030150753768844657e-02
6.015037593984962072e-02
6.015037593984962072e-02
6.015037593984962072e-02
6.015037593984962072e-02
6.015037593984962072e-02
6.000000000000000472e-02
6.000000000000000472e-02
6.000000000000000472e-02
6.000000000000000472e-02
6.000000000000000472e-02
5.985037406483790373e-02
5.985037406483790373e-02
5.985037406483790373e-02
5.985037406483790373e-02
5.985037406483790373e-02
5.970149253731343170e-02
5.970149253731343170e-02
5.970149253731343170e-02
5.970149253731343170e-02
7.462686567164179829e-02
7.444168734491315997e-02
7.444168734491315997e-02
7.444168734491315997e-02
7.444168734491315997e-02
7.444168734491315997e-02
7.425742574257426787e-02
7.425742574257426787e-02
7.425742574257426787e-02
7.425742574257426787e-02
7.425742574257426787e-02
7.407407407407406996e-02
7.407407407407406996e-02
7.407407407407406996e-02
7.407407407407406996e-02
7.407407407407406996e-02
7.389162561576355370e-02
7.389162561576355370e-02
7.389162561576355370e-02
7.389162561576355370e-02
7.389162561576355370e-02
7.371007371007370912e-02
7.371007371007370912e-02
7.371007371007370912e-02
7.371007371007370912e-02
7.371007371007370912e-02
7.352941176470588480e-02
7.352941176470588480e-02
7.352941176470588480e-02
7.352941176470588480e-02
7.352941176470588480e-02
7.334963325183374572e-02
7.334963325183374572e-02
5.867970660146699241e-02
5.867970660146699241e-02
5.867970660146699241e-02
5.853658536585366196e-02
5.853658536585366196e-02
5.853658536585366196e-02
5.853658536585366196e-02
5.853658536585366196e-02
5.839416058394161085e-02
5.839416058394161085e-02
5.839416058394161085e-02
5.839416058394161085e-02
5.839416058394161085e-02
5.825242718446601436e-02
5.825242718446601436e-02
5.825242718446601436e-02
5.825242718446601436e-02
5.825242718446601436e-02
5.811138014527845314e-02
5.811138014527845314e-02
5.811138014527845314e-02
5.811138014527845314e-02
5.811138014527845314e-02
5.797101449275362389e-02
5.797101449275362389e-02
5.797101449275362389e-02
5.797101449275362389e-02
5.797101449275362389e-02
5.783132530120482784e-02
5.783132530120482784e-02
5.783132530120482784e-02
5.783132530120482784e-02
5.783132530120482784e-02
5.769230769230769551e-02
5.769230769230769551e-02
5.769230769230769551e-02
5.769230769230769551e-02
5.769230769230769551e-02
5.755395683453237016e-02
5.755395683453237016e-02
5.755395683453237016e-02
5.755395683453237016e-02
5.755395683453237016e-02
5.741626794258373329e-02
5.741626794258373329e-02
5.741626794258373329e-02
5.741626794258373329e-02
5.741626794258373329e-02
5.727923627684964464e-02
5.727923627684964464e-02
5.727923627684964464e-02
5.727923627684964464e-02
5.727923627684964464e-02
5.714285714285714801e-02
5.714285714285714801e-02
5.714285714285714801e-02
5.714285714285714801e-02
5.714285714285714801e-02
5.700712589073634456e-02
5.700712589073634456e-02
5.700712589073634456e-02
7.125890736342042897e-02
7.125890736342042897e-02
7.109004739336492740e-02
7.109004739336492740e-02
7.109004739336492740e-02
7.109004739336492740e-02
7.109004739336492740e-02
7.092198581560284210e-02
7.092198581560284210e-02
7.092198581560284210e-02
7.092198581560284210e-02
7.092198581560284210e-02
7.075471698113208752e-02
7.075471698113208752e-02
7.075471698113208752e-02
7.075471698113208752e-02
7.075471698113208752e-02
7.058823529411764608e-02
7.058823529411764608e-02
7.058823529411764608e-02
7.058823529411764608e-02
7.058823529411764608e-02
7.042253521126760896e-02
7.042253521126760896e-02
7.042253521126760896e-02
7.042253521126760896e-02
7.042253521126760896e-02
7.025761124121780721e-02
7.025761124121780721e-02
7.025761124121780721e-02
7.025761124121780721e-02
7.025761124121780721e-02
7.009345794392524143e-02
7.009345794392524143e-02
7.009345794392524143e-02
7.009345794392524143e-02
7.009345794392524143e-02
6.993006993006993521e-02
6.993006993006993521e-02
6.993006993006993521e-02
6.993006993006993521e-02
6.993006993006993521e-02
6.976744186046511531e-02
6.976744186046511531e-02
6.976744186046511531e-02
6.976744186046511531e-02
6.976744186046511531e-02
6.960556844547563515e-02
6.960556844547563515e-02
6.960556844547563515e-02
6.960556844547563515e-02
6.960556844547563515e-02
6.944444444444444753e-02
6.944444444444444753e-02
6.944444444444444753e-02
6.944444444444444753e-02
5.555555555555555247e-02
5.542725173210161921e-02
5.542725173210161921e-02
5.542725173210161921e-02
5.542725173210161921e-02
5.542725173210161921e-02
5.529953917050691586e-02
5.529953917050691586e-02
5.529953917050691586e-02
5.529953917050691586e-02
5.529953917050691586e-02
5.517241379310344751e-02
5.517241379310344751e-02
5.517241379310344751e-02
5.517241379310344751e-02
5.517241379310344751e-02
5.504587155963303058e-02
5.504587155963303058e-02
5.504587155963303058e-02
5.504587155963303058e-02
5.504587155963303058e-02
5.491990846681922556e-02
5.491990846681922556e-02
5.491990846681922556e-02
5.491990846681922556e-02
5.491990846681922556e-02
5.479452054794520244e-02
5.479452054794520244e-02
5.479452054794520244e-02
5.479452054794520244e-02
5.479452054794520244e-02
5.466970387243735852e-02
5.466970387243735852e-02
5.466970387243735852e-02
5.466970387243735852e-02
5.466970387243735852e-02
5.454545454545454281e-02
5.454545454545454281e-02
6.818181818181819065e-02
6.818181818181819065e-02
6.818181818181819065e-02
6.802721088435374763e-02
6.802721088435374763e-02
6.802721088435374763e-02
6.802721088435374763e-02
6.802721088435374763e-02
6.787330316742082315e-02
6.787330316742082315e-02
6.787330316742082315e-02
6.787330316742082315e-02
6.787330316742082315e-02
6.772009029345373021e-02
6.772009029345373021e-02
6.772009029345373021e-02
6.772009029345373021e-02
6.772009029345373021e-02
6.756756756756757132e-02
6.756756756756757132e-02
6.756756756756757132e-02
6.756756756756757132e-02
6.756756756756757132e-02
6.741573033707864981e-02
6.741573033707864981e-02
6.741573033707864981e-02
6.741573033707864981e-02
6.741573033707864981e-02
6.726457399103139001e-02
6.726457399103139001e-02
6.726457399103139001e-02
6.726457399103139001e-02
6.726457399103139001e-02
6.711409395973155778e-02
6.711409395973155778e-02
6.711409395973155778e-02
6.711409395973155778e-02
6.711409395973155778e-02
6.696428571428572618e-02
6.696428571428572618e-02
6.696428571428572618e-02
6.696428571428572618e-02
6.696428571428572618e-02
6.681514476614699993e-02
6.681514476614699993e-02
6.681514476614699993e-02
6.681514476614699993e-02
6.681514476614699993e-02
6.666666666666667962e-02
6.666666666666667962e-02
6.666666666666667962e-02
6.666666666666667962e-02
6.666666666666667962e-02
6.651884700665189332e-02
6.651884700665189332e-02
6.651884700665189332e-02
6.651884700665189332e-02
6.651884700665189332e-02
6.637168141592920956e-02
6.637168141592920956e-02
6.637168141592920956e-02
6.637168141592920956e-02
6.637168141592920956e-02
6.622516556291391243e-02
6.622516556291391243e-02
6.622516556291391243e-02
6.622516556291391243e-02
6.622516556291391243e-02
6.607929515418503597e-02
6.607929515418503597e-02
6.607929515418503597e-02
6.607929515418503597e-02
6.607929515418503597e-02
6.593406593406594962e-02
6.593406593406594962e-02
6.593406593406594962e-02
6.593406593406594962e-02
6.593406593406594962e-02
6.578947368421052266e-02
6.578947368421052266e-02
5.263157894736841813e-02
5.263157894736841813e-02
5.263157894736841813e-02
5.251641137855579677e-02
5.251641137855579677e-02
5.251641137855579677e-02
5.251641137855579677e-02
5.251641137855579677e-02
5.240174672489082697e-02
5.240174672489082697e-02
5.240174672489082697e-02
5.240174672489082697e-02
5.240174672489082697e-02
5.228758169934641375e-02
6.535947712418301025e-02
6.535947712418301025e-02
6.535947712418301025e-02
6.535947712418301025e-02
6.521739130434782428e-02
6.521739130434782428e-02
6.521739130434782428e-02
6.521739130434782428e-02
6.521739130434782428e-02
6.507592190889371908e-02
6.507592190889371908e-02
6.507592190889371908e-02
6.507592190889371908e-02
6.507592190889371908e-02
6.493506493506494281e-02
6.493506493506494281e-02
6.493506493506494281e-02
6.493506493506494281e-02
6.493506493506494281e-02
6.479481641468683162e-02
6.479481641468683162e-02
6.479481641468683162e-02
6.479481641468683162e-02
6.479481641468683162e-02
6.465517241379310776e-02
6.465517241379310776e-02
6.465517241379310776e-02
6.465517241379310776e-02
6.465517241379310776e-02
6.451612903225807660e-02
6.451612903225807660e-02
6.451612903225807660e-02
6.451612903225807660e-02
6.451612903225807660e-02
6.437768240343348658e-02
6.437768240343348658e-02
6.437768240343348658e-02
6.437768240343348658e-02
6.437768240343348658e-02
6.423982869379014915e-02
6.423982869379014915e-02
6.423982869379014915e-02
6.423982869379014915e-02
6.423982869379014915e-02
6.410256410256411075e-02
6.410256410256411075e-02
6.410256410256411075e-02
6.410256410256411075e-02
6.410256410256411075e-02
6.396588486140725172e-02
6.396588486140725172e-02
6.396588486140725172e-02
6.396588486140725172e-02
6.396588486140725172e-02
6.382978723404256205e-02
6.382978723404256205e-02
6.382978723404256205e-02
6.382978723404256205e-02
6.382978723404256205e-02
6.369426751592356661e-02
6.369426751592356661e-02
6.369426751592356661e-02
6.369426751592356661e-02
6.369426751592356661e-02
6.355932203389830226e-02
6.355932203389830226e-02
6.355932203389830226e-02
6.355932203389830226e-02
6.355932203389830226e-02
6.342494714587738891e-02
6.342494714587738891e-02
6.342494714587738891e-02
6.342494714587738891e-02
6.342494714587738891e-02
6.329113924050633333e-02
6.329113924050633333e-02
6.329113924050633333e-02
6.329113924050633333e-02
6.329113924050633333e-02
6.315789473684210731e-02
6.315789473684210731e-02
6.315789473684210731e-02
6.315789473684210731e-02
6.315789473684210731e-02
6.302521008403362546e-02
6.302521008403362546e-02
6.302521008403362546e-02
6.302521008403362546e-02
6.302521008403362546e-02
6.289308176100630310e-02
6.289308176100630310e-02
6.289308176100630310e-02
6.289308176100630310e-02
6.289308176100630310e-02
7.531380753138075534e-02
7.531380753138075534e-02
7.531380753138075534e-02
7.531380753138075534e-02
7.531380753138075534e-02
7.515657620041754639e-02
7.515657620041754639e-02
7.515657620041754639e-02
7.515657620041754639e-02
6.263048016701461274e-02
6.250000000000000000e-02
6.250000000000000000e-02
6.250000000000000000e-02
6.250000000000000000e-02
6.250000000000000000e-02
6.237006237006237352e-02
6.237006237006237352e-02
6.237006237006237352e-02
6.237006237006237352e-02
6.237006237006237352e-02
6.224066390041493868e-02
6.224066390041493868e-02
6.224066390041493868e-02
6.224066390041493868e-02
6.224066390041493868e-02
6.211180124223602411e-02
6.211180124223602411e-02
6.211180124223602411e-02
6.211180124223602411e-02
6.211180124223602411e-02
6.198347107438016701e-02
6.198347107438016701e-02
6.198347107438016701e-02
6.198347107438016701e-02
6.198347107438016701e-02
6.185567010309278579e-02
6.185567010309278579e-02
6.185567010309278579e-02
6.185567010309278579e-02
6.185567010309278579e-02
6.172839506172839857e-02
6.172839506172839857e-02
6.172839506172839857e-02
6.172839506172839857e-02
6.172839506172839857e-02
6.160164271047227635e-02
6.160164271047227635e-02
6.160164271047227635e-02
6.160164271047227635e-02
6.160164271047227635e-02
6.147540983606557263e-02
6.147540983606557263e-02
6.147540983606557263e-02
6.147540983606557263e-02
6.147540983606557263e-02
6.134969325153374897e-02
6.134969325153374897e-02
6.134969325153374897e-02
6.134969325153374897e-02
6.134969325153374897e-02
6.122448979591836593e-02
6.122448979591836593e-02
6.122448979591836593e-02
6.122448979591836593e-02
6.122448979591836593e-02
6.109979633401222548e-02
6.109979633401222548e-02
6.109979633401222548e-02
6.109979633401222548e-02
6.109979633401222548e-02
6.097560975609755962e-02
6.097560975609755962e-02
6.097560975609755962e-02
6.097560975609755962e-02
6.097560975609755962e-02
6.085192697768762593e-02
6.085192697768762593e-02
6.085192697768762593e-02
6.085192697768762593e-02
6.085192697768762593e-02
6.072874493927125916e-02
6.072874493927125916e-02
6.072874493927125916e-02
6.072874493927125916e-02
6.072874493927125916e-02
6.060606060606061468e-02
6.060606060606061468e-02
6.060606060606061468e-02
6.060606060606061468e-02
6.060606060606061468e-02
6.048387096774193727e-02
6.048387096774193727e-02
6.048387096774193727e-02
6.048387096774193727e-02
7.258064516129032751e-02
7.243460764587525413e-02
7.243460764587525413e-02
7.243460764587525413e-02
7.243460764587525413e-02
7.243460764587525413e-02
7.228915662650603480e-02
7.228915662650603480e-02
7.228915662650603480e-02
7.228915662650603480e-02
7.228915662650603480e-02
7.214428857715431131e-02
7.214428857715431131e-02
7.214428857715431131e-02
7.214428857715431131e-02
7.214428857715431131e-02
7.200000000000000844e-02
7.200000000000000844e-02
7.200000000000000844e-02
7.200000000000000844e-02
7.200000000000000844e-02
7.185628742514971190e-02
7.185628742514971190e-02
7.185628742514971190e-02
7.185628742514971190e-02
7.185628742514971190e-02
7.171314741035857143e-02
7.171314741035857143e-02
7.171314741035857143e-02
7.171314741035857143e-02
7.171314741035857143e-02
7.157057654075546504e-02
7.157057654075546504e-02
5.964214711729622781e-02
5.964214711729622781e-02
5.964214711729622781e-02
5.952380952380952051e-02
5.952380952380952051e-02
5.952380952380952051e-02
5.952380952380952051e-02
5.952380952380952051e-02
5.940594059405941013e-02
5.940594059405941013e-02
5.940594059405941013e-02
5.940594059405941013e-02
5.940594059405941013e-02
5.928853754940711929e-02
5.928853754940711929e-02
5.928853754940711929e-02
5.928853754940711929e-02
5.928853754940711929e-02
5.917159763313609849e-02
5.917159763313609849e-02
5.917159763313609849e-02
5.917159763313609849e-02
5.917159763313609849e-02
5.905511811023621965e-02
5.905511811023621965e-02
5.905511811023621965e-02
5.905511811023621965e-02
5.905511811023621965e-02
5.893909626719057160e-02
5.893909626719057160e-02
5.893909626719057160e-02
5.893909626719057160e-02
5.893909626719057160e-02
5.882352941176470507e-02
5.882352941176470507e-02
5.882352941176470507e-02
5.882352941176470507e-02
5.882352941176470507e-02
5.870841487279843118e-02
5.870841487279843118e-02
5.870841487279843118e-02
5.870841487279843118e-02
5.870841487279843118e-02
5.859375000000000000e-02
5.859375000000000000e-02
5.859375000000000000e-02
5.859375000000000000e-02
5.859375000000000000e-02
5.847953216374268681e-02
5.847953216374268681e-02
5.847953216374268681e-02
5.847953216374268681e-02
5.847953216374268681e-02
5.836575875486381404e-02
5.836575875486381404e-02
5.836575875486381404e-02
5.836575875486381404e-02
5.836575875486381404e-02
5.825242718446601436e-02
5.825242718446601436e-02
5.825242718446601436e-02
6.990291262135922556e-02
6.990291262135922556e-02
6.976744186046511531e-02
6.976744186046511531e-02
6.976744186046511531e-02
6.976744186046511531e-02
6.976744186046511531e-02
6.963249516441007148e-02
6.963249516441007148e-02
6.963249516441007148e-02
6.963249516441007148e-02
6.963249516441007148e-02
6.949806949806949796e-02
6.949806949806949796e-02
6.949806949806949796e-02
6.949806949806949796e-02
6.949806949806949796e-02
6.936416184971098964e-02
6.936416184971098964e-02
6.936416184971098964e-02
6.936416184971098964e-02
6.936416184971098964e-02
6.923076923076923461e-02
6.923076923076923461e-02
6.923076923076923461e-02
6.923076923076923461e-02
6.923076923076923461e-02
6.909788867562380310e-02
6.909788867562380310e-02
6.909788867562380310e-02
6.909788867562380310e-02
6.909788867562380310e-02
6.896551724137930939e-02
6.896551724137930939e-02
6.896551724137930939e-02
6.896551724137930939e-02
6.896551724137930939e-02
6.883365200764819669e-02
6.883365200764819669e-02
6.883365200764819669e-02
6.883365200764819669e-02
6.883365200764819669e-02
6.870229007633588125e-02
6.870229007633588125e-02
6.870229007633588125e-02
6.870229007633588125e-02
6.870229007633588125e-02
6.857142857142857484e-02
6.857142857142857484e-02
6.857142857142857484e-02
6.857142857142857484e-02
6.857142857142857484e-02
6.844106463878327218e-02
6.844106463878327218e-02
6.844106463878327218e-02
6.844106463878327218e-02
5.703422053231939348e-02
5.692599620493358353e-02
5.692599620493358353e-02
5.692599620493358353e-02
5.692599620493358353e-02
5.692599620493358353e-02
5.681818181818182323e-02
5.681818181818182323e-02
5.681818181818182323e-02
5.681818181818182323e-02
5.681818181818182323e-02
5.671077504725897944e-02
5.671077504725897944e-02
5.671077504725897944e-02
5.671077504725897944e-02
5.671077504725897944e-02
5.660377358490566169e-02
5.660377358490566169e-02
5.660377358490566169e-02
5.660377358490566169e-02
5.660377358490566169e-02
5.649717514124293766e-02
5.649717514124293766e-02
5.649717514124293766e-02
5.649717514124293766e-02
5.649717514124293766e-02
5.639097744360901943e-02
5.639097744360901943e-02
5.639097744360901943e-02
5.639097744360901943e-02
5.639097744360901943e-02
5.628517823639775375e-02
5.628517823639775375e-02
5.628517823639775375e-02
5.628517823639775375e-02
5.628517823639775375e-02
5.617977528089888178e-02
5.617977528089888178e-02
6.741573033707864981e-02
6.741573033707864981e-02
6.741573033707864981e-02
6.728971962616822622e-02
6.728971962616822622e-02
6.728971962616822622e-02
6.728971962616822622e-02
6.728971962616822622e-02
6.716417910447761153e-02
6.716417910447761153e-02
6.716417910447761153e-02
6.716417910447761153e-02
6.716417910447761153e-02
6.703910614525140921e-02
6.703910614525140921e-02
6.703910614525140921e-02
6.703910614525140921e-02
6.703910614525140921e-02
6.691449814126394779e-02
6.691449814126394779e-02
6.691449814126394779e-02
6.691449814126394779e-02
6.691449814126394779e-02
6.679035250463821738e-02
6.679035250463821738e-02
6.679035250463821738e-02
6.679035250463821738e-02
6.679035250463821738e-02
6.666666666666667962e-02
6.666666666666667962e-02
6.666666666666667962e-02
6.666666666666667962e-02
6.666666666666667962e-02
6.654343807763402063e-02
6.654343807763402063e-02
6.654343807763402063e-02
6.654343807763402063e-02
6.654343807763402063e-02
6.642066420664206883e-02
6.642066420664206883e-02
6.642066420664206883e-02
6.642066420664206883e-02
6.642066420664206883e-02
6.629834254143646133e-02
6.629834254143646133e-02
6.629834254143646133e-02
6.629834254143646133e-02
6.629834254143646133e-02
6.617647058823530881e-02
6.617647058823530881e-02
6.617647058823530881e-02
6.617647058823530881e-02
6.617647058823530881e-02
6.605504587155963669e-02
6.605504587155963669e-02
6.605504587155963669e-02
6.605504587155963669e-02
6.605504587155963669e-02
6.593406593406594962e-02
6.593406593406594962e-02
6.593406593406594962e-02
6.593406593406594962e-02
6.593406593406594962e-02
6.581352833638025313e-02
6.581352833638025313e-02
6.581352833638025313e-02
6.581352833638025313e-02
6.581352833638025313e-02
6.569343065693430961e-02
6.569343065693430961e-02
6.569343065693430961e-02
6.569343065693430961e-02
6.569343065693430961e-02
6.557377049180328210e-02
6.557377049180328210e-02
6.557377049180328210e-02
6.557377049180328210e-02
6.557377049180328210e-02
6.545454545454545969e-02
6.545454545454545969e-02
5.454545454545454281e-02
5.454545454545454281e-02
5.454545454545454281e-02
5.444646098003630419e-02
5.444646098003630419e-02
5.444646098003630419e-02
5.444646098003630419e-02
5.444646098003630419e-02
5.434782608695652717e-02
5.434782608695652717e-02
5.434782608695652717e-02
5.434782608695652717e-02
5.434782608695652717e-02
5.424954792043400198e-02
6.509945750452079960e-02
6.509945750452079960e-02
6.509945750452079960e-02
6.509945750452079960e-02
6.498194945848376203e-02
6.498194945848376203e-02
6.498194945848376203e-02
6.498194945848376203e-02
6.498194945848376203e-02
6.486486486486486847e-02
6.486486486486486847e-02
6.486486486486486847e-02
6.486486486486486847e-02
6.486486486486486847e-02
6.474820143884893464e-02
6.474820143884893464e-02
6.474820143884893464e-02
6.474820143884893464e-02
6.474820143884893464e-02
6.463195691202873461e-02
6.463195691202873461e-02
6.463195691202873461e-02
6.463195691202873461e-02
6.463195691202873461e-02
6.451612903225807660e-02
6.451612903225807660e-02
6.451612903225807660e-02
6.451612903225807660e-02
6.451612903225807660e-02
6.440071556350626669e-02
6.440071556350626669e-02
6.440071556350626669e-02
6.440071556350626669e-02
6.440071556350626669e-02
6.428571428571429325e-02
6.428571428571429325e-02
6.428571428571429325e-02
6.428571428571429325e-02
6.428571428571429325e-02
6.417112299465241310e-02
6.417112299465241310e-02
6.417112299465241310e-02
6.417112299465241310e-02
6.417112299465241310e-02
6.405693950177936136e-02
6.405693950177936136e-02
6.405693950177936136e-02
6.405693950177936136e-02
6.405693950177936136e-02
6.394316163410303233e-02
6.394316163410303233e-02
6.394316163410303233e-02
6.394316163410303233e-02
6.394316163410303233e-02
6.382978723404256205e-02
6.382978723404256205e-02
6.382978723404256205e-02
6.382978723404256205e-02
6.382978723404256205e-02
6.371681415929203451e-02
6.371681415929203451e-02
6.371681415929203451e-02
6.371681415929203451e-02
6.371681415929203451e-02
6.360424028268552021e-02
6.360424028268552021e-02
6.360424028268552021e-02
6.360424028268552021e-02
6.360424028268552021e-02
6.349206349206348854e-02
6.349206349206348854e-02
6.349206349206348854e-02
6.349206349206348854e-02
6.349206349206348854e-02
6.338028169014084390e-02
6.338028169014084390e-02
6.338028169014084390e-02
6.338028169014084390e-02
6.338028169014084390e-02
6.326889279437609981e-02
6.326889279437609981e-02
6.326889279437609981e-02
6.326889279437609981e-02
6.326889279437609981e-02
6.315789473684210731e-02
6.315789473684210731e-02
6.315789473684210731e-02
6.315789473684210731e-02
6.315789473684210731e-02
6.304728546409807399e-02
6.304728546409807399e-02
6.304728546409807399e-02
6.304728546409807399e-02
6.304728546409807399e-02
7.342657342657343822e-02
7.342657342657343822e-02
7.342657342657343822e-02
7.342657342657343822e-02
7.342657342657343822e-02
7.329842931937173567e-02
7.329842931937173567e-02
7.329842931937173567e-02
7.329842931937173567e-02
6.282722513089006311e-02
6.271777003484321766e-02
6.271777003484321766e-02
6.271777003484321766e-02
6.271777003484321766e-02
6.271777003484321766e-02
6.260869565217391797e-02
6.260869565217391797e-02
6.260869565217391797e-02
6.260869565217391797e-02
6.260869565217391797e-02
6.250000000000000000e-02
6.250000000000000000e-02
6.250000000000000000e-02
6.250000000000000000e-02
6.250000000000000000e-02
6.239168110918544979e-02
6.239168110918544979e-02
6.239168110918544979e-02
6.239168110918544979e-02
6.239168110918544979e-02
6.228373702422144997e-02
6.228373702422144997e-02
6.228373702422144997e-02
6.228373702422144997e-02
6.228373702422144997e-02
6.217616580310881408e-02
6.217616580310881408e-02
6.217616580310881408e-02
6.217616580310881408e-02
6.217616580310881408e-02
6.206896551724137845e-02
6.206896551724137845e-02
6.206896551724137845e-02
6.206896551724137845e-02
6.206896551724137845e-02
6.196213425129088598e-02
6.196213425129088598e-02
6.196213425129088598e-02
6.196213425129088598e-02
6.196213425129088598e-02
6.185567010309278579e-02
6.185567010309278579e-02
6.185567010309278579e-02
6.185567010309278579e-02
6.185567010309278579e-02
6.174957118353345542e-02
6.174957118353345542e-02
6.174957118353345542e-02
6.174957118353345542e-02
6.174957118353345542e-02
6.164383561643835274e-02
6.164383561643835274e-02
6.164383561643835274e-02
6.164383561643835274e-02
6.164383561643835274e-02
6.153846153846154188e-02
6.153846153846154188e-02
6.153846153846154188e-02
6.153846153846154188e-02
6.153846153846154188e-02
6.143344709897610723e-02
6.143344709897610723e-02
6.143344709897610723e-02
6.143344709897610723e-02
6.143344709897610723e-02
6.132879045996592754e-02
6.132879045996592754e-02
6.132879045996592754e-02
6.132879045996592754e-02
6.132879045996592754e-02
6.122448979591836593e-02
6.122448979591836593e-02
6.122448979591836593e-02
6.122448979591836593e-02
6.122448979591836593e-02
6.112054329371817418e-02
6.112054329371817418e-02
6.112054329371817418e-02
6.112054329371817418e-02
6.112054329371817418e-02
6.101694915254236851e-02
6.101694915254236851e-02
6.101694915254236851e-02
6.101694915254236851e-02
7.118644067796610353e-02
7.106598984771574090e-02
7.106598984771574090e-02
7.106598984771574090e-02
7.106598984771574090e-02
7.106598984771574090e-02
7.094594594594595682e-02
7.094594594594595682e-02
7.094594594594595682e-02
7.094594594594595682e-02
7.094594594594595682e-02
7.082630691399663392e-02
7.082630691399663392e-02
7.082630691399663392e-02
7.082630691399663392e-02
7.082630691399663392e-02
7.070707070707071829e-02
7.070707070707071829e-02
7.070707070707071829e-02
7.070707070707071829e-02
7.070707070707071829e-02
7.058823529411764608e-02
7.058823529411764608e-02
7.058823529411764608e-02
7.058823529411764608e-02
7.058823529411764608e-02
7.046979865771813012e-02
7.046979865771813012e-02
7.046979865771813012e-02
7.046979865771813012e-02
7.046979865771813012e-02
7.035175879396984855e-02
7.035175879396984855e-02
6.030150753768844657e-02
6.030150753768844657e-02
6.030150753768844657e-02
6.020066889632107177e-02
6.020066889632107177e-02
6.020066889632107177e-02
6.020066889632107177e-02
6.020066889632107177e-02
6.010016694490818295e-02
6.010016694490818295e-02
6.010016694490818295e-02
6.010016694490818295e-02
6.010016694490818295e-02
6.000000000000000472e-02
6.000000000000000472e-02
6.000000000000000472e-02
6.000000000000000472e-02
6.000000000000000472e-02
5.990016638935108384e-02
5.990016638935108384e-02
5.990016638935108384e-02
5.990016638935108384e-02
5.990016638935108384e-02
5.980066445182723872e-02
5.980066445182723872e-02
5.980066445182723872e-02
5.980066445182723872e-02
5.980066445182723872e-02
5.970149253731343170e-02
5.970149253731343170e-02
5.970149253731343170e-02
5.970149253731343170e-02
5.970149253731343170e-02
5.960264900662252258e-02
5.960264900662252258e-02
5.960264900662252258e-02
5.960264900662252258e-02
5.960264900662252258e-02
5.950413223140496588e-02
5.950413223140496588e-02
5.950413223140496588e-02
5.950413223140496588e-02
5.950413223140496588e-02
5.940594059405941013e-02
5.940594059405941013e-02
5.940594059405941013e-02
5.940594059405941013e-02
5.940594059405941013e-02
5.930807248764415063e-02
5.930807248764415063e-02
5.930807248764415063e-02
5.930807248764415063e-02
5.930807248764415063e-02
5.921052631578947040e-02
5.921052631578947040e-02
5.921052631578947040e-02
5.921052631578947040e-02
5.921052631578947040e-02
5.911330049261084157e-02
5.911330049261084157e-02
5.911330049261084157e-02
6.896551724137930939e-02
6.896551724137930939e-02
6.885245901639344690e-02
6.885245901639344690e-02
6.885245901639344690e-02
6.885245901639344690e-02
6.885245901639344690e-02
6.873977086743043863e-02
6.873977086743043863e-02
6.873977086743043863e-02
6.873977086743043863e-02
6.873977086743043863e-02
6.862745098039216285e-02
6.862745098039216285e-02
6.862745098039216285e-02
6.862745098039216285e-02
6.862745098039216285e-02
6.851549755301795941e-02
6.851549755301795941e-02
6.851549755301795941e-02
6.851549755301795941e-02
6.851549755301795941e-02
6.840390879478827624e-02
6.840390879478827624e-02
6.840390879478827624e-02
6.840390879478827624e-02
6.840390879478827624e-02
6.829268292682927344e-02
6.829268292682927344e-02
6.829268292682927344e-02
6.829268292682927344e-02
6.829268292682927344e-02
6.818181818181819065e-02
6.818181818181819065e-02
6.818181818181819065e-02
6.818181818181819065e-02
6.818181818181819065e-02
6.807131280388979688e-02
6.807131280388979688e-02
6.807131280388979688e-02
6.807131280388979688e-02
6.807131280388979688e-02
6.796116504854370077e-02
6.796116504854370077e-02
6.796116504854370077e-02
6.796116504854370077e-02
6.796116504854370077e-02
6.785137318255250738e-02
6.785137318255250738e-02
6.785137318255250738e-02
6.785137318255250738e-02
6.785137318255250738e-02
6.774193548387097419e-02
6.774193548387097419e-02
6.774193548387097419e-02
6.774193548387097419e-02
5.806451612903226062e-02
5.797101449275362389e-02
5.797101449275362389e-02
5.797101449275362389e-02
5.797101449275362389e-02
5.797101449275362389e-02
5.787781350482315568e-02
5.787781350482315568e-02
5.787781350482315568e-02
5.787781350482315568e-02
5.787781350482315568e-02
5.778491171749598754e-02
5.778491171749598754e-02
5.778491171749598754e-02
5.778491171749598754e-02
5.778491171749598754e-02
5.769230769230769551e-02
5.769230769230769551e-02
5.769230769230769551e-02
5.769230769230769551e-02
5.769230769230769551e-02
5.759999999999999842e-02
5.759999999999999842e-02
5.759999999999999842e-02
5.759999999999999842e-02
5.759999999999999842e-02
5.750798722044728195e-02
5.750798722044728195e-02
5.750798722044728195e-02
5.750798722044728195e-02
5.750798722044728195e-02
5.741626794258373329e-02
5.741626794258373329e-02
5.741626794258373329e-02
5.741626794258373329e-02
5.741626794258373329e-02
5.732484076433121134e-02
5.732484076433121134e-02
6.687898089171974425e-02
6.687898089171974425e-02
6.687898089171974425e-02
6.677265500794912767e-02
6.677265500794912767e-02
6.677265500794912767e-02
6.677265500794912767e-02
6.677265500794912767e-02
6.666666666666667962e-02
6.666666666666667962e-02
6.666666666666667962e-02
6.666666666666667962e-02
6.666666666666667962e-02
6.656101426307449442e-02
6.656101426307449442e-02
6.656101426307449442e-02
6.656101426307449442e-02
6.656101426307449442e-02
6.645569620253165277e-02
6.645569620253165277e-02
6.645569620253165277e-02
6.645569620253165277e-02
6.645569620253165277e-02
6.635071090047393871e-02
6.635071090047393871e-02
6.635071090047393871e-02
6.635071090047393871e-02
6.635071090047393871e-02
6.624605678233438932e-02
6.624605678233438932e-02
6.624605678233438932e-02
6.624605678233438932e-02
6.624605678233438932e-02
6.614173228346456601e-02
6.614173228346456601e-02
6.614173228346456601e-02
6.614173228346456601e-02
6.614173228346456601e-02
6.603773584905660299e-02
6.603773584905660299e-02
6.603773584905660299e-02
6.603773584905660299e-02
6.603773584905660299e-02
6.593406593406594962e-02
6.593406593406594962e-02
6.593406593406594962e-02
6.593406593406594962e-02
6.593406593406594962e-02
6.583072100313480668e-02
6.583072100313480668e-02
6.583072100313480668e-02
6.583072100313480668e-02
6.583072100313480668e-02
6.572769953051643688e-02
6.572769953051643688e-02
6.572769953051643688e-02
6.572769953051643688e-02
6.572769953051643688e-02
6.562500000000000278e-02
6.562500000000000278e-02
6.562500000000000278e-02
6.562500000000000278e-02
6.562500000000000278e-02
6.552262090483619572e-02
6.552262090483619572e-02
6.552262090483619572e-02
6.552262090483619572e-02
6.552262090483619572e-02
6.542056074766355867e-02
6.542056074766355867e-02
6.542056074766355867e-02
6.542056074766355867e-02
6.542056074766355867e-02
6.531881804043546125e-02
6.531881804043546125e-02
6.531881804043546125e-02
6.531881804043546125e-02
6.531881804043546125e-02
6.521739130434782428e-02
6.521739130434782428e-02
5.590062111801242378e-02
5.590062111801242378e-02
5.590062111801242378e-02
5.581395348837209225e-02
5.581395348837209225e-02
5.581395348837209225e-02
5.581395348837209225e-02
5.581395348837209225e-02
5.572755417956656160e-02
5.572755417956656160e-02
5.572755417956656160e-02
5.572755417956656160e-02
5.572755417956656160e-02
5.564142194744976788e-02
6.491499227202472688e-02
6.491499227202472688e-02
6.491499227202472688e-02
6.491499227202472688e-02
6.481481481481481122e-02
6.481481481481481122e-02
6.481481481481481122e-02
6.481481481481481122e-02
6.481481481481481122e-02
6.471494607087828477e-02
6.471494607087828477e-02
6.471494607087828477e-02
6.471494607087828477e-02
6.471494607087828477e-02
6.461538461538461620e-02
6.461538461538461620e-02
6.461538461538461620e-02
6.461538461538461620e-02
6.461538461538461620e-02
6.451612903225807660e-02
6.451612903225807660e-02
6.451612903225807660e-02
6.451612903225807660e-02
6.451612903225807660e-02
6.441717791411043226e-02
6.441717791411043226e-02
6.441717791411043226e-02
6.441717791411043226e-02
6.441717791411043226e-02
6.431852986217458101e-02
6.431852986217458101e-02
6.431852986217458101e-02
6.431852986217458101e-02
6.431852986217458101e-02
6.422018348623853568e-02
6.422018348623853568e-02
6.422018348623853568e-02
6.422018348623853568e-02
6.422018348623853568e-02
6.412213740458015676e-02
6.412213740458015676e-02
6.412213740458015676e-02
6.412213740458015676e-02
6.412213740458015676e-02
6.402439024390245426e-02
6.402439024390245426e-02
6.402439024390245426e-02
6.402439024390245426e-02
6.402439024390245426e-02
6.392694063926940284e-02
6.392694063926940284e-02
6.392694063926940284e-02
6.392694063926940284e-02
6.392694063926940284e-02
6.382978723404256205e-02
6.382978723404256205e-02
6.382978723404256205e-02
6.382978723404256205e-02
6.382978723404256205e-02
6.373292867981791843e-02
6.373292867981791843e-02
6.373292867981791843e-02
6.373292867981791843e-02
6.373292867981791843e-02
6.363636363636364368e-02
6.363636363636364368e-02
6.363636363636364368e-02
6.363636363636364368e-02
6.363636363636364368e-02
6.354009077155824137e-02
6.354009077155824137e-02
6.354009077155824137e-02
6.354009077155824137e-02
6.354009077155824137e-02
6.344410876132931809e-02
6.344410876132931809e-02
6.344410876132931809e-02
6.344410876132931809e-02
6.344410876132931809e-02
6.334841628959277104e-02
6.334841628959277104e-02
6.334841628959277104e-02
6.334841628959277104e-02
6.334841628959277104e-02
6.325301204819276657e-02
6.325301204819276657e-02
6.325301204819276657e-02
6.325301204819276657e-02
6.325301204819276657e-02
6.315789473684210731e-02
6.315789473684210731e-02
6.315789473684210731e-02
6.315789473684210731e-02
6.315789473684210731e-02
7.207207207207207145e-02
7.207207207207207145e-02
7.207207207207207145e-02
7.207207207207207145e-02
7.207207207207207145e-02
7.196401799100450580e-02
7.196401799100450580e-02
7.196401799100450580e-02
7.196401799100450580e-02
6.296851574212894431e-02
6.287425149700598404e-02
6.287425149700598404e-02
6.287425149700598404e-02
6.287425149700598404e-02
6.287425149700598404e-02
6.278026905829596493e-02
6.278026905829596493e-02
6.278026905829596493e-02
6.278026905829596493e-02
6.278026905829596493e-02
6.268656716417911334e-02
6.268656716417911334e-02
6.268656716417911334e-02
6.268656716417911334e-02
6.268656716417911334e-02
6.259314456035768026e-02
6.259314456035768026e-02
6.259314456035768026e-02
6.259314456035768026e-02
6.259314456035768026e-02
6.250000000000000000e-02
6.250000000000000000e-02
6.250000000000000000e-02
6.250000000000000000e-02
6.250000000000000000e-02
6.240713224368499290e-02
6.240713224368499290e-02
6.240713224368499290e-02
6.240713224368499290e-02
6.240713224368499290e-02
6.231454005934718154e-02
6.231454005934718154e-02
6.231454005934718154e-02
6.231454005934718154e-02
6.231454005934718154e-02
6.222222222222222043e-02
6.222222222222222043e-02
6.222222222222222043e-02
6.222222222222222043e-02
6.222222222222222043e-02
6.213017751479290446e-02
6.213017751479290446e-02
6.213017751479290446e-02
6.213017751479290446e-02
6.213017751479290446e-02
6.203840472673560064e-02
6.203840472673560064e-02
6.203840472673560064e-02
6.203840472673560064e-02
6.203840472673560064e-02
6.194690265486725578e-02
6.194690265486725578e-02
6.194690265486725578e-02
6.194690265486725578e-02
6.194690265486725578e-02
6.185567010309278579e-02
6.185567010309278579e-02
6.185567010309278579e-02
6.185567010309278579e-02
6.185567010309278579e-02
6.176470588235294379e-02
6.176470588235294379e-02
6.176470588235294379e-02
6.176470588235294379e-02
6.176470588235294379e-02
6.167400881057268774e-02
6.167400881057268774e-02
6.167400881057268774e-02
6.167400881057268774e-02
6.167400881057268774e-02
6.158357771260997149e-02
6.158357771260997149e-02
6.158357771260997149e-02
6.158357771260997149e-02
6.158357771260997149e-02
6.149341142020497974e-02
6.149341142020497974e-02
6.149341142020497974e-02
6.149341142020497974e-02
6.149341142020497974e-02
6.140350877192982115e-02
6.140350877192982115e-02
6.140350877192982115e-02
6.140350877192982115e-02
7.017543859649122417e-02
7.007299270072993302e-02
7.007299270072993302e-02
7.007299270072993302e-02
7.007299270072993302e-02
7.007299270072993302e-02
6.997084548104956503e-02
6.997084548104956503e-02
6.997084548104956503e-02
6.997084548104956503e-02
6.997084548104956503e-02
6.986899563318778317e-02
6.986899563318778317e-02
6.986899563318778317e-02
6.986899563318778317e-02
6.986899563318778317e-02
6.976744186046511531e-02
6.976744186046511531e-02
6.976744186046511531e-02
6.976744186046511531e-02
6.976744186046511531e-02
6.966618287373005369e-02
6.966618287373005369e-02
6.966618287373005369e-02
6.966618287373005369e-02
6.966618287373005369e-02
6.956521739130434867e-02
6.956521739130434867e-02
6.956521739130434867e-02
6.956521739130434867e-02
6.956521739130434867e-02
6.946454413892909352e-02
6.946454413892909352e-02
6.078147612156295510e-02
6.078147612156295510e-02
6.078147612156295510e-02
6.069364161849711420e-02
6.069364161849711420e-02
6.069364161849711420e-02
6.069364161849711420e-02
6.069364161849711420e-02
6.060606060606061468e-02
6.060606060606061468e-02
6.060606060606061468e-02
6.060606060606061468e-02
6.060606060606061468e-02
6.051873198847262242e-02
6.051873198847262242e-02
6.051873198847262242e-02
6.051873198847262242e-02
6.051873198847262242e-02
6.043165467625898762e-02
6.043165467625898762e-02
6.043165467625898762e-02
6.043165467625898762e-02
6.043165467625898762e-02
6.034482758620689918e-02
6.034482758620689918e-02
6.034482758620689918e-02
6.034482758620689918e-02
6.034482758620689918e-02
6.025824964131994144e-02
6.025824964131994144e-02
6.025824964131994144e-02
6.025824964131994144e-02
6.025824964131994144e-02
6.017191977077364362e-02
6.017191977077364362e-02
6.017191977077364362e-02
6.017191977077364362e-02
6.017191977077364362e-02
6.008583690987124443e-02
6.008583690987124443e-02
6.008583690987124443e-02
6.008583690987124443e-02
6.008583690987124443e-02
6.000000000000000472e-02
6.000000000000000472e-02
6.000000000000000472e-02
6.000000000000000472e-02
6.000000000000000472e-02
5.991440798858772843e-02
5.991440798858772843e-02
5.991440798858772843e-02
5.991440798858772843e-02
5.991440798858772843e-02
5.982905982905983161e-02
5.982905982905983161e-02
5.982905982905983161e-02
5.982905982905983161e-02
5.982905982905983161e-02
5.974395448079658499e-02
5.974395448079658499e-02
5.974395448079658499e-02
6.827880512091039078e-02
6.827880512091039078e-02
6.818181818181819065e-02
6.818181818181819065e-02
6.818181818181819065e-02
6.818181818181819065e-02
6.818181818181819065e-02
6.808510638297873840e-02
6.808510638297873840e-02
6.808510638297873840e-02
6.808510638297873840e-02
6.808510638297873840e-02
6.798866855524079988e-02
6.798866855524079988e-02
6.798866855524079988e-02
6.798866855524079988e-02
6.798866855524079988e-02
6.789250353606790522e-02
6.789250353606790522e-02
6.789250353606790522e-02
6.789250353606790522e-02
6.789250353606790522e-02
6.779661016949152519e-02
6.779661016949152519e-02
6.779661016949152519e-02
6.779661016949152519e-02
6.779661016949152519e-02
6.770098730606488591e-02
6.770098730606488591e-02
6.770098730606488591e-02
6.770098730606488591e-02
6.770098730606488591e-02
6.760563380281690848e-02
6.760563380281690848e-02
6.760563380281690848e-02
6.760563380281690848e-02
6.760563380281690848e-02
6.751054852320675925e-02
6.751054852320675925e-02
6.751054852320675925e-02
6.751054852320675925e-02
6.751054852320675925e-02
6.741573033707864981e-02
6.741573033707864981e-02
6.741573033707864981e-02
6.741573033707864981e-02
6.741573033707864981e-02
6.732117812061710893e-02
6.732117812061710893e-02
6.732117812061710893e-02
6.732117812061710893e-02
6.732117812061710893e-02
6.722689075630253197e-02
6.722689075630253197e-02
6.722689075630253197e-02
6.722689075630253197e-02
5.882352941176470507e-02
5.874125874125874641e-02
5.874125874125874641e-02
5.874125874125874641e-02
5.874125874125874641e-02
5.874125874125874641e-02
5.865921787709497265e-02
5.865921787709497265e-02
5.865921787709497265e-02
5.865921787709497265e-02
5.865921787709497265e-02
5.857740585774058595e-02
5.857740585774058595e-02
5.857740585774058595e-02
5.857740585774058595e-02
5.857740585774058595e-02
5.849582172701950356e-02
5.849582172701950356e-02
5.849582172701950356e-02
5.849582172701950356e-02
5.849582172701950356e-02
5.841446453407510286e-02
5.841446453407510286e-02
5.841446453407510286e-02
5.841446453407510286e-02
5.841446453407510286e-02
