-7.500000000000000000e-01
-7.500000000000000000e-01
-7.500000000000000000e-01
0.000000000000000000e+00
0.000000000000000000e+00
0.000000000000000000e+00
0.000000000000000000e+00
0.000000000000000000e+00
0.000000000000000000e+00
-6.000000000000000888e-01
-5.000000000000000000e-01
-5.000000000000000000e-01
-5.000000000000000000e-01
-5.000000000000000000e-01
-5.000000000000000000e-01
-4.285714285714285476e-01
0.000000000000000000e+00
0.000000000000000000e+00
0.000000000000000000e+00
0.000000000000000000e+00
0.000000000000000000e+00
-3.750000000000000000e-01
-3.750000000000000000e-01
-3.750000000000000000e-01
-3.750000000000000000e-01
-3.333333333333333148e-01
-3.333333333333333148e-01
-3.333333333333333148e-01
-3.333333333333333148e-01
-3.333333333333333148e-01
-3.000000000000000444e-01
0.000000000000000000e+00
-3.000000000000000444e-01
-3.000000000000000444e-01
-3.000000000000000444e-01
-2.727272727272727626e-01
-2.727272727272727626e-01
-2.727272727272727626e-01
-2.727272727272727626e-01
-2.727272727272727626e-01
-2.500000000000000000e-01
-2.500000000000000000e-01
-2.500000000000000000e-01
-2.500000000000000000e-01
0.000000000000000000e+00
-2.307692307692307820e-01
-2.307692307692307820e-01
-2.307692307692307820e-01
-2.307692307692307820e-01
-2.307692307692307820e-01
-2.142857142857142738e-01
-2.142857142857142738e-01
-2.142857142857142738e-01
-2.142857142857142738e-01
-2.142857142857142738e-01
-2.000000000000000111e-01
-2.000000000000000111e-01
-2.000000000000000111e-01
-4.000000000000000222e-01
-4.000000000000000222e-01
-3.750000000000000000e-01
-1.875000000000000000e-01
-1.875000000000000000e-01
-1.875000000000000000e-01
-1.875000000000000000e-01
-1.764705882352941291e-01
-1.764705882352941291e-01
-1.764705882352941291e-01
-1.764705882352941291e-01
-1.764705882352941291e-01
-1.666666666666666574e-01
-1.666666666666666574e-01
-3.333333333333333148e-01
-3.333333333333333148e-01
-3.333333333333333148e-01
-3.157894736842105088e-01
-3.157894736842105088e-01
-1.578947368421052544e-01
-1.578947368421052544e-01
-1.578947368421052544e-01
-1.500000000000000222e-01
-1.500000000000000222e-01
-1.500000000000000222e-01
-1.500000000000000222e-01
-1.500000000000000222e-01
-1.428571428571428492e-01
-1.428571428571428492e-01
-2.857142857142856984e-01
-2.857142857142856984e-01
-2.857142857142856984e-01
-2.727272727272727626e-01
-2.727272727272727626e-01
-2.727272727272727626e-01
-2.727272727272727626e-01
-1.363636363636363813e-01
-1.304347826086956486e-01
-1.304347826086956486e-01
-1.304347826086956486e-01
-1.304347826086956486e-01
-1.304347826086956486e-01
-1.250000000000000000e-01
-1.250000000000000000e-01
-1.250000000000000000e-01
-2.500000000000000000e-01
-2.500000000000000000e-01
-2.400000000000000189e-01
-2.400000000000000189e-01
-2.400000000000000189e-01
-2.400000000000000189e-01
-2.400000000000000189e-01
-2.307692307692307820e-01
-2.307692307692307820e-01
-2.307692307692307820e-01
-1.153846153846153910e-01
-1.153846153846153910e-01
-1.111111111111111049e-01
-1.111111111111111049e-01
-1.111111111111111049e-01
-1.111111111111111049e-01
-2.222222222222222099e-01
-2.142857142857142738e-01
-2.142857142857142738e-01
-2.142857142857142738e-01
-2.142857142857142738e-01
-2.142857142857142738e-01
-2.068965517241379282e-01
-2.068965517241379282e-01
-2.068965517241379282e-01
-2.068965517241379282e-01
-2.068965517241379282e-01
-2.000000000000000111e-01
-2.000000000000000111e-01
-2.000000000000000111e-01
-1.000000000000000056e-01
-1.000000000000000056e-01
-9.677419354838709409e-02
-1.935483870967741882e-01
-1.935483870967741882e-01
-1.935483870967741882e-01
-1.935483870967741882e-01
-1.875000000000000000e-01
-1.875000000000000000e-01
-1.875000000000000000e-01
-1.875000000000000000e-01
-1.875000000000000000e-01
-1.818181818181818232e-01
-1.818181818181818232e-01
-1.818181818181818232e-01
-1.818181818181818232e-01
-1.818181818181818232e-01
-1.764705882352941291e-01
-1.764705882352941291e-01
-1.764705882352941291e-01
-1.764705882352941291e-01
-1.764705882352941291e-01
-1.714285714285714302e-01
-1.714285714285714302e-01
-1.714285714285714302e-01
-1.714285714285714302e-01
-1.714285714285714302e-01
-1.666666666666666574e-01
-1.666666666666666574e-01
-1.666666666666666574e-01
-1.666666666666666574e-01
-1.666666666666666574e-01
-1.621621621621621712e-01
-1.621621621621621712e-01
-1.621621621621621712e-01
-1.621621621621621712e-01
-1.621621621621621712e-01
-1.578947368421052544e-01
-1.578947368421052544e-01
-2.368421052631578816e-01
-2.368421052631578816e-01
-1.578947368421052544e-01
-1.538461538461538547e-01
-1.538461538461538547e-01
-1.538461538461538547e-01
-1.538461538461538547e-01
-1.538461538461538547e-01
-1.500000000000000222e-01
-1.500000000000000222e-01
-1.500000000000000222e-01
-1.500000000000000222e-01
-1.500000000000000222e-01
-1.463414634146341653e-01
-1.463414634146341653e-01
-1.463414634146341653e-01
-1.463414634146341653e-01
-1.463414634146341653e-01
-2.142857142857142738e-01
-2.142857142857142738e-01
-2.142857142857142738e-01
-2.142857142857142738e-01
-2.142857142857142738e-01
-2.093023255813953598e-01
-1.395348837209302306e-01
-1.395348837209302306e-01
-1.395348837209302306e-01
-1.395348837209302306e-01
-1.363636363636363813e-01
-1.363636363636363813e-01
-1.363636363636363813e-01
-1.363636363636363813e-01
-1.363636363636363813e-01
-1.333333333333333592e-01
-1.333333333333333592e-01
-1.333333333333333592e-01
-1.333333333333333592e-01
-1.333333333333333592e-01
-1.956521739130434867e-01
-1.956521739130434867e-01
-1.956521739130434867e-01
-1.956521739130434867e-01
-1.956521739130434867e-01
-1.914893617021276584e-01
-1.914893617021276584e-01
-1.914893617021276584e-01
-1.914893617021276584e-01
-1.276595744680851241e-01
-1.250000000000000000e-01
-1.250000000000000000e-01
-1.250000000000000000e-01
-1.250000000000000000e-01
-1.250000000000000000e-01
-1.224489795918367319e-01
-1.224489795918367319e-01
-1.224489795918367319e-01
-1.224489795918367319e-01
-1.224489795918367319e-01
-1.799999999999999933e-01
-1.799999999999999933e-01
-1.799999999999999933e-01
-1.799999999999999933e-01
-1.799999999999999933e-01
-1.764705882352941291e-01
-1.764705882352941291e-01
-1.764705882352941291e-01
-1.764705882352941291e-01
-1.764705882352941291e-01
-1.730769230769231004e-01
-1.730769230769231004e-01
-1.153846153846153910e-01
-1.153846153846153910e-01
-1.153846153846153910e-01
-1.132075471698113234e-01
-1.132075471698113234e-01
-1.132075471698113234e-01
-1.132075471698113234e-01
-1.132075471698113234e-01
-1.111111111111111049e-01
-1.666666666666666574e-01
-1.666666666666666574e-01
-1.666666666666666574e-01
-1.666666666666666574e-01
-1.636363636363636354e-01
-1.636363636363636354e-01
-1.636363636363636354e-01
-1.636363636363636354e-01
-1.636363636363636354e-01
-1.607142857142857262e-01
-1.607142857142857262e-01
-1.607142857142857262e-01
-1.607142857142857262e-01
-1.607142857142857262e-01
-1.578947368421052544e-01
-1.578947368421052544e-01
-1.052631578947368363e-01
-1.052631578947368363e-01
-1.052631578947368363e-01
-1.034482758620689641e-01
-1.034482758620689641e-01
-1.551724137931034531e-01
-1.551724137931034531e-01
-1.551724137931034531e-01
-1.525423728813559421e-01
-1.525423728813559421e-01
-1.525423728813559421e-01
-1.525423728813559421e-01
-1.525423728813559421e-01
-1.500000000000000222e-01
-1.500000000000000222e-01
-1.500000000000000222e-01
-1.500000000000000222e-01
-1.500000000000000222e-01
-1.475409836065573743e-01
-1.475409836065573743e-01
-1.475409836065573743e-01
-1.475409836065573743e-01
-1.475409836065573743e-01
-1.451612903225806550e-01
-1.451612903225806550e-01
-9.677419354838709409e-02
-9.677419354838709409e-02
-1.451612903225806550e-01
-1.428571428571428492e-01
-1.428571428571428492e-01
-1.428571428571428492e-01
-1.428571428571428492e-01
-1.428571428571428492e-01
-1.406250000000000000e-01
-1.406250000000000000e-01
-1.406250000000000000e-01
-1.406250000000000000e-01
-1.406250000000000000e-01
-1.384615384615384692e-01
-1.384615384615384692e-01
-1.384615384615384692e-01
-1.384615384615384692e-01
-1.384615384615384692e-01
-1.363636363636363813e-01
-1.363636363636363813e-01
-1.363636363636363813e-01
-1.363636363636363813e-01
-1.363636363636363813e-01
-1.343283582089552231e-01
-1.343283582089552231e-01
-1.791044776119403159e-01
-1.343283582089552231e-01
-1.343283582089552231e-01
-1.323529411764706176e-01
-1.323529411764706176e-01
-1.323529411764706176e-01
-1.323529411764706176e-01
-1.323529411764706176e-01
-1.304347826086956486e-01
-1.304347826086956486e-01
-1.304347826086956486e-01
-1.304347826086956486e-01
-1.304347826086956486e-01
-1.285714285714285865e-01
-1.285714285714285865e-01
-1.285714285714285865e-01
-1.285714285714285865e-01
-1.285714285714285865e-01
-1.267605633802816878e-01
-1.267605633802816878e-01
-1.267605633802816878e-01
-1.267605633802816878e-01
-1.267605633802816878e-01
-1.666666666666666574e-01
-1.666666666666666574e-01
-1.666666666666666574e-01
-1.666666666666666574e-01
-1.250000000000000000e-01
-1.232876712328767055e-01
-1.232876712328767055e-01
-1.232876712328767055e-01
-1.232876712328767055e-01
-1.232876712328767055e-01
-1.216216216216216284e-01
-1.216216216216216284e-01
-1.216216216216216284e-01
-1.216216216216216284e-01
-1.216216216216216284e-01
-1.200000000000000094e-01
-1.200000000000000094e-01
-1.200000000000000094e-01
-1.200000000000000094e-01
-1.200000000000000094e-01
-1.184210526315789408e-01
-1.184210526315789408e-01
-1.184210526315789408e-01
-1.578947368421052544e-01
-1.578947368421052544e-01
-1.558441558441558683e-01
-1.558441558441558683e-01
-1.558441558441558683e-01
-1.558441558441558683e-01
-1.558441558441558683e-01
-1.538461538461538547e-01
-1.538461538461538547e-01
-1.153846153846153910e-01
-1.153846153846153910e-01
-1.153846153846153910e-01
-1.139240506329114028e-01
-1.139240506329114028e-01
-1.139240506329114028e-01
-1.139240506329114028e-01
-1.139240506329114028e-01
-1.125000000000000028e-01
-1.125000000000000028e-01
-1.125000000000000028e-01
-1.125000000000000028e-01
-1.125000000000000028e-01
-1.111111111111111049e-01
-1.111111111111111049e-01
-1.111111111111111049e-01
-1.481481481481481399e-01
-1.481481481481481399e-01
-1.463414634146341653e-01
-1.463414634146341653e-01
-1.463414634146341653e-01
-1.463414634146341653e-01
-1.463414634146341653e-01
-1.445783132530120696e-01
-1.445783132530120696e-01
-1.445783132530120696e-01
-1.445783132530120696e-01
-1.445783132530120696e-01
-1.428571428571428492e-01
-1.071428571428571369e-01
-1.071428571428571369e-01
-1.071428571428571369e-01
-1.071428571428571369e-01
-1.058823529411764691e-01
-1.058823529411764691e-01
-1.058823529411764691e-01
-1.058823529411764691e-01
-1.058823529411764691e-01
-1.046511627906976799e-01
-1.046511627906976799e-01
-1.046511627906976799e-01
-1.395348837209302306e-01
-1.395348837209302306e-01
-1.379310344827586188e-01
-1.379310344827586188e-01
-1.379310344827586188e-01
-1.379310344827586188e-01
-1.379310344827586188e-01
-1.363636363636363813e-01
-1.363636363636363813e-01
-1.363636363636363813e-01
-1.363636363636363813e-01
-1.363636363636363813e-01
-1.348314606741572996e-01
-1.348314606741572996e-01
-1.348314606741572996e-01
-1.348314606741572996e-01
-1.011235955056179747e-01
-1.000000000000000056e-01
-1.000000000000000056e-01
-1.000000000000000056e-01
-1.000000000000000056e-01
-1.000000000000000056e-01
-9.890109890109891055e-02
-9.890109890109891055e-02
-9.890109890109891055e-02
-1.318681318681318992e-01
-1.318681318681318992e-01
-1.304347826086956486e-01
-1.304347826086956486e-01
-1.304347826086956486e-01
-1.304347826086956486e-01
-1.304347826086956486e-01
-1.290322580645161532e-01
-1.290322580645161532e-01
-1.290322580645161532e-01
-1.290322580645161532e-01
-1.290322580645161532e-01
-1.276595744680851241e-01
-1.276595744680851241e-01
-1.276595744680851241e-01
-1.276595744680851241e-01
-1.276595744680851241e-01
-1.263157894736842146e-01
-1.263157894736842146e-01
-1.263157894736842146e-01
-9.473684210526316096e-02
-9.473684210526316096e-02
-9.375000000000000000e-02
-9.375000000000000000e-02
-9.375000000000000000e-02
-9.375000000000000000e-02
-9.375000000000000000e-02
-1.237113402061855716e-01
-1.237113402061855716e-01
-1.237113402061855716e-01
-1.237113402061855716e-01
-1.237113402061855716e-01
-1.224489795918367319e-01
-1.224489795918367319e-01
-1.224489795918367319e-01
-1.224489795918367319e-01
-1.224489795918367319e-01
-1.212121212121212294e-01
-1.212121212121212294e-01
-1.212121212121212294e-01
-1.212121212121212294e-01
-1.212121212121212294e-01
-1.200000000000000094e-01
-1.200000000000000094e-01
-1.200000000000000094e-01
-1.200000000000000094e-01
-1.200000000000000094e-01
-1.188118811881188203e-01
-1.188118811881188203e-01
-1.188118811881188203e-01
-1.188118811881188203e-01
-8.910891089108910479e-02
-8.823529411764706454e-02
-1.176470588235294101e-01
-1.176470588235294101e-01
-1.176470588235294101e-01
-1.176470588235294101e-01
-1.165048543689320287e-01
-1.165048543689320287e-01
-1.165048543689320287e-01
-1.165048543689320287e-01
-1.165048543689320287e-01
-1.153846153846153910e-01
-1.153846153846153910e-01
-1.153846153846153910e-01
-1.153846153846153910e-01
-1.153846153846153910e-01
-1.142857142857142960e-01
-1.142857142857142960e-01
-1.142857142857142960e-01
-1.142857142857142960e-01
-1.142857142857142960e-01
-1.132075471698113234e-01
-1.132075471698113234e-01
-1.132075471698113234e-01
-1.132075471698113234e-01
-1.132075471698113234e-01
-1.121495327102803724e-01
-1.121495327102803724e-01
-1.121495327102803724e-01
-1.121495327102803724e-01
-1.401869158878504829e-01
-1.388888888888888951e-01
-1.111111111111111049e-01
-1.111111111111111049e-01
-1.111111111111111049e-01
-1.111111111111111049e-01
-1.100917431192660612e-01
-1.100917431192660612e-01
-1.100917431192660612e-01
-1.100917431192660612e-01
-1.100917431192660612e-01
-1.090909090909090856e-01
-1.090909090909090856e-01
-1.090909090909090856e-01
-1.090909090909090856e-01
-1.090909090909090856e-01
-1.081081081081081141e-01
-1.081081081081081141e-01
-1.081081081081081141e-01
-1.081081081081081141e-01
-1.081081081081081141e-01
-1.071428571428571369e-01
-1.071428571428571369e-01
-1.071428571428571369e-01
-1.071428571428571369e-01
-1.071428571428571369e-01
-1.061946902654867242e-01
-1.061946902654867242e-01
-1.327433628318584191e-01
-1.327433628318584191e-01
-1.327433628318584191e-01
-1.315789473684210453e-01
-1.315789473684210453e-01
-1.052631578947368363e-01
-1.052631578947368363e-01
-1.052631578947368363e-01
-1.043478260869565299e-01
-1.043478260869565299e-01
-1.043478260869565299e-01
-1.043478260869565299e-01
-1.043478260869565299e-01
-1.034482758620689641e-01
-1.034482758620689641e-01
-1.034482758620689641e-01
-1.034482758620689641e-01
-1.034482758620689641e-01
-1.025641025641025744e-01
-1.025641025641025744e-01
-1.025641025641025744e-01
-1.025641025641025744e-01
-1.025641025641025744e-01
-1.016949152542372947e-01
-1.016949152542372947e-01
-1.016949152542372947e-01
-1.016949152542372947e-01
-1.016949152542372947e-01
-1.260504201680672509e-01
-1.260504201680672509e-01
-1.260504201680672509e-01
-1.260504201680672509e-01
-1.260504201680672509e-01
-1.250000000000000000e-01
-1.250000000000000000e-01
-1.250000000000000000e-01
-1.250000000000000000e-01
-1.250000000000000000e-01
-1.239669421487603340e-01
-9.917355371900826722e-02
-9.917355371900826722e-02
-9.917355371900826722e-02
-9.917355371900826722e-02
-9.836065573770493009e-02
-9.836065573770493009e-02
-9.836065573770493009e-02
-9.836065573770493009e-02
-9.836065573770493009e-02
-9.756097560975611482e-02
-9.756097560975611482e-02
-9.756097560975611482e-02
-9.756097560975611482e-02
-9.756097560975611482e-02
-9.677419354838709409e-02
-9.677419354838709409e-02
-9.677419354838709409e-02
-9.677419354838709409e-02
-1.209677419354838745e-01
-1.200000000000000094e-01
-1.200000000000000094e-01
-1.200000000000000094e-01
-1.200000000000000094e-01
-1.200000000000000094e-01
-1.190476190476190410e-01
-1.190476190476190410e-01
-1.190476190476190410e-01
-1.190476190476190410e-01
-1.190476190476190410e-01
-1.181102362204724393e-01
-1.181102362204724393e-01
-1.181102362204724393e-01
-9.448818897637795144e-02
-9.448818897637795144e-02
-9.375000000000000000e-02
-9.375000000000000000e-02
-9.375000000000000000e-02
-9.375000000000000000e-02
-9.375000000000000000e-02
-9.302325581395348708e-02
-9.302325581395348708e-02
-9.302325581395348708e-02
-9.302325581395348708e-02
-9.302325581395348708e-02
-9.230769230769231282e-02
-9.230769230769231282e-02
-9.230769230769231282e-02
-9.230769230769231282e-02
-1.153846153846153910e-01
-1.145038167938931400e-01
-1.145038167938931400e-01
-1.145038167938931400e-01
-1.145038167938931400e-01
-1.145038167938931400e-01
-1.136363636363636465e-01
-1.136363636363636465e-01
-1.136363636363636465e-01
-1.136363636363636465e-01
-1.136363636363636465e-01
-1.127819548872180389e-01
-1.127819548872180389e-01
-1.127819548872180389e-01
-1.127819548872180389e-01
-1.127819548872180389e-01
-1.119402985074626766e-01
-1.119402985074626766e-01
-1.119402985074626766e-01
-8.955223880597015795e-02
-8.955223880597015795e-02
-8.888888888888889228e-02
-8.888888888888889228e-02
-8.888888888888889228e-02
-8.888888888888889228e-02
-8.888888888888889228e-02
-8.823529411764706454e-02
-8.823529411764706454e-02
-8.823529411764706454e-02
-8.823529411764706454e-02
-1.102941176470588341e-01
-1.094890510948905021e-01
-1.094890510948905021e-01
-1.094890510948905021e-01
-1.094890510948905021e-01
-1.094890510948905021e-01
-1.086956521739130543e-01
-1.086956521739130543e-01
-1.086956521739130543e-01
-1.086956521739130543e-01
-1.086956521739130543e-01
-1.079136690647481966e-01
-1.079136690647481966e-01
-1.079136690647481966e-01
-1.079136690647481966e-01
-1.079136690647481966e-01
-1.071428571428571369e-01
-1.071428571428571369e-01
-1.071428571428571369e-01
-1.071428571428571369e-01
-1.071428571428571369e-01
-1.063829787234042701e-01
-1.063829787234042701e-01
-1.063829787234042701e-01
-8.510638297872340219e-02
-8.510638297872340219e-02
-8.450704225352113907e-02
-8.450704225352113907e-02
-8.450704225352113907e-02
-8.450704225352113907e-02
-8.450704225352113907e-02
-1.048951048951049098e-01
-1.048951048951049098e-01
-1.048951048951049098e-01
-1.048951048951049098e-01
-1.048951048951049098e-01
-1.041666666666666713e-01
-1.041666666666666713e-01
-1.041666666666666713e-01
-1.041666666666666713e-01
-1.041666666666666713e-01
-1.034482758620689641e-01
-1.034482758620689641e-01
-1.034482758620689641e-01
-1.034482758620689641e-01
-1.034482758620689641e-01
-1.027397260273972546e-01
-1.027397260273972546e-01
-1.027397260273972546e-01
-1.027397260273972546e-01
-1.027397260273972546e-01
-1.020408163265306284e-01
-1.020408163265306284e-01
-1.020408163265306284e-01
-1.020408163265306284e-01
-1.020408163265306284e-01
-1.013513513513513570e-01
-1.013513513513513570e-01
-1.013513513513513570e-01
-8.108108108108108558e-02
-8.108108108108108558e-02
-8.053691275167786101e-02
-1.006711409395973228e-01
-1.006711409395973228e-01
-1.006711409395973228e-01
-1.006711409395973228e-01
-1.000000000000000056e-01
-1.000000000000000056e-01
-1.000000000000000056e-01
-1.000000000000000056e-01
-1.000000000000000056e-01
-9.933774834437086865e-02
-9.933774834437086865e-02
-9.933774834437086865e-02
-9.933774834437086865e-02
-9.933774834437086865e-02
-9.868421052631579093e-02
-9.868421052631579093e-02
-9.868421052631579093e-02
-9.868421052631579093e-02
-9.868421052631579093e-02
-9.803921568627452232e-02
-9.803921568627452232e-02
-9.803921568627452232e-02
-9.803921568627452232e-02
-9.803921568627452232e-02
-9.740259740259739341e-02
-9.740259740259739341e-02
-9.740259740259739341e-02
-9.740259740259739341e-02
-9.740259740259739341e-02
-9.677419354838709409e-02
-9.677419354838709409e-02
-9.677419354838709409e-02
-1.161290322580645212e-01
-9.677419354838709409e-02
-9.615384615384614531e-02
-9.615384615384614531e-02
-9.615384615384614531e-02
-9.615384615384614531e-02
-9.615384615384614531e-02
-9.554140127388535686e-02
-9.554140127388535686e-02
-9.554140127388535686e-02
-9.554140127388535686e-02
-9.554140127388535686e-02
-9.493670886075949999e-02
-9.493670886075949999e-02
-9.493670886075949999e-02
-9.493670886075949999e-02
-9.493670886075949999e-02
-9.433962264150944077e-02
-9.433962264150944077e-02
-9.433962264150944077e-02
-9.433962264150944077e-02
-9.433962264150944077e-02
-9.375000000000000000e-02
-9.375000000000000000e-02
-9.375000000000000000e-02
-9.375000000000000000e-02
-9.375000000000000000e-02
-9.316770186335404658e-02
-9.316770186335404658e-02
-9.316770186335404658e-02
-9.316770186335404658e-02
-9.316770186335404658e-02
-1.111111111111111049e-01
-1.111111111111111049e-01
-1.111111111111111049e-01
-1.111111111111111049e-01
-1.111111111111111049e-01
-1.104294478527607509e-01
-1.104294478527607509e-01
-9.202453987730062346e-02
-9.202453987730062346e-02
-9.202453987730062346e-02
-9.146341463414633943e-02
-9.146341463414633943e-02
-9.146341463414633943e-02
-9.146341463414633943e-02
-9.146341463414633943e-02
-9.090909090909091161e-02
-9.090909090909091161e-02
-9.090909090909091161e-02
-9.090909090909091161e-02
-9.090909090909091161e-02
-9.036144578313252962e-02
-9.036144578313252962e-02
-9.036144578313252962e-02
-9.036144578313252962e-02
-9.036144578313252962e-02
-8.982035928143712600e-02
-8.982035928143712600e-02
-8.982035928143712600e-02
-8.982035928143712600e-02
-8.982035928143712600e-02
-8.928571428571428770e-02
-8.928571428571428770e-02
-8.928571428571428770e-02
-1.071428571428571369e-01
-1.071428571428571369e-01
-1.065088757396449731e-01
-1.065088757396449731e-01
-1.065088757396449731e-01
-1.065088757396449731e-01
-1.065088757396449731e-01
-1.058823529411764691e-01
-1.058823529411764691e-01
-1.058823529411764691e-01
-1.058823529411764691e-01
-8.823529411764706454e-02
-8.771929824561403022e-02
-8.771929824561403022e-02
-8.771929824561403022e-02
-8.771929824561403022e-02
-8.771929824561403022e-02
-8.720930232558139761e-02
-8.720930232558139761e-02
-8.720930232558139761e-02
-8.720930232558139761e-02
-8.720930232558139761e-02
-8.670520231213872664e-02
-8.670520231213872664e-02
-8.670520231213872664e-02
-8.670520231213872664e-02
-8.670520231213872664e-02
-8.620689655172414367e-02
-8.620689655172414367e-02
-8.620689655172414367e-02
-8.620689655172414367e-02
-8.620689655172414367e-02
-8.571428571428571508e-02
-1.028571428571428692e-01
-1.028571428571428692e-01
-1.028571428571428692e-01
-1.028571428571428692e-01
-1.022727272727272652e-01
-1.022727272727272652e-01
-1.022727272727272652e-01
-1.022727272727272652e-01
-1.022727272727272652e-01
-1.016949152542372947e-01
-1.016949152542372947e-01
-1.016949152542372947e-01
-1.016949152542372947e-01
-1.016949152542372947e-01
-1.011235955056179747e-01
-1.011235955056179747e-01
-1.011235955056179747e-01
-8.426966292134831227e-02
-8.426966292134831227e-02
-8.379888268156424069e-02
-8.379888268156424069e-02
-8.379888268156424069e-02
-8.379888268156424069e-02
-8.379888268156424069e-02
-8.333333333333332871e-02
-8.333333333333332871e-02
-8.333333333333332871e-02
-8.333333333333332871e-02
-8.333333333333332871e-02
-8.287292817679557666e-02
-8.287292817679557666e-02
-8.287292817679557666e-02
-8.287292817679557666e-02
-8.287292817679557666e-02
-9.890109890109891055e-02
-9.890109890109891055e-02
-9.890109890109891055e-02
-9.890109890109891055e-02
-9.890109890109891055e-02
-9.836065573770493009e-02
-9.836065573770493009e-02
-9.836065573770493009e-02
-9.836065573770493009e-02
-9.836065573770493009e-02
-9.782608695652174335e-02
-9.782608695652174335e-02
-9.782608695652174335e-02
-9.782608695652174335e-02
-9.782608695652174335e-02
-9.729729729729730270e-02
-9.729729729729730270e-02
-9.729729729729730270e-02
-9.729729729729730270e-02
-9.729729729729730270e-02
-9.677419354838709409e-02
-9.677419354838709409e-02
-8.064516129032259228e-02
-8.064516129032259228e-02
-8.064516129032259228e-02
-8.021390374331550943e-02
-8.021390374331550943e-02
-8.021390374331550943e-02
-8.021390374331550943e-02
-8.021390374331550943e-02
-7.978723404255319562e-02
-7.978723404255319562e-02
-7.978723404255319562e-02
-7.978723404255319562e-02
-9.574468085106382920e-02
-9.523809523809523281e-02
-9.523809523809523281e-02
-9.523809523809523281e-02
-9.523809523809523281e-02
-9.523809523809523281e-02
-9.473684210526316096e-02
-9.473684210526316096e-02
-9.473684210526316096e-02
-9.473684210526316096e-02
-9.473684210526316096e-02
-9.424083769633508079e-02
-9.424083769633508079e-02
-9.424083769633508079e-02
-9.424083769633508079e-02
-9.424083769633508079e-02
-9.375000000000000000e-02
-9.375000000000000000e-02
-9.375000000000000000e-02
-9.375000000000000000e-02
-9.375000000000000000e-02
-9.326424870466321071e-02
-9.326424870466321071e-02
-9.326424870466321071e-02
-9.326424870466321071e-02
-9.326424870466321071e-02
-9.278350515463917869e-02
-9.278350515463917869e-02
-7.731958762886598224e-02
-7.731958762886598224e-02
-7.731958762886598224e-02
-7.692307692307692735e-02
-7.692307692307692735e-02
-7.692307692307692735e-02
-9.230769230769231282e-02
-9.230769230769231282e-02
-9.183673469387755584e-02
-9.183673469387755584e-02
-9.183673469387755584e-02
-9.183673469387755584e-02
-9.183673469387755584e-02
-9.137055837563452798e-02
-9.137055837563452798e-02
-9.137055837563452798e-02
-9.137055837563452798e-02
-9.137055837563452798e-02
-9.090909090909091161e-02
-9.090909090909091161e-02
-9.090909090909091161e-02
-9.090909090909091161e-02
-9.090909090909091161e-02
-9.045226130653266639e-02
-9.045226130653266639e-02
-9.045226130653266639e-02
-9.045226130653266639e-02
-9.045226130653266639e-02
-8.999999999999999667e-02
-8.999999999999999667e-02
-8.999999999999999667e-02
-8.999999999999999667e-02
-8.999999999999999667e-02
-8.955223880597015795e-02
-8.955223880597015795e-02
-8.955223880597015795e-02
-8.955223880597015795e-02
-8.955223880597015795e-02
-8.910891089108910479e-02
-8.910891089108910479e-02
-7.425742574257426787e-02
-7.425742574257426787e-02
-8.910891089108910479e-02
-8.866995073891625889e-02
-8.866995073891625889e-02
-8.866995073891625889e-02
-8.866995073891625889e-02
-8.866995073891625889e-02
-8.823529411764706454e-02
-8.823529411764706454e-02
-8.823529411764706454e-02
-8.823529411764706454e-02
-8.823529411764706454e-02
-8.780487804878049640e-02
-8.780487804878049640e-02
-8.780487804878049640e-02
-8.780487804878049640e-02
-8.780487804878049640e-02
-8.737864077669903196e-02
-8.737864077669903196e-02
-8.737864077669903196e-02
-8.737864077669903196e-02
-8.737864077669903196e-02
-8.695652173913044625e-02
-8.695652173913044625e-02
-8.695652173913044625e-02
-8.695652173913044625e-02
-8.695652173913044625e-02
-8.653846153846155020e-02
-8.653846153846155020e-02
-8.653846153846155020e-02
-8.653846153846155020e-02
-8.653846153846155020e-02
-8.612440191387560340e-02
-8.612440191387560340e-02
-8.612440191387560340e-02
-8.612440191387560340e-02
-1.004784688995215419e-01
-1.000000000000000056e-01
-1.000000000000000056e-01
-1.000000000000000056e-01
-8.571428571428571508e-02
-8.571428571428571508e-02
-8.530805687203792120e-02
-8.530805687203792120e-02
-8.530805687203792120e-02
-8.530805687203792120e-02
-8.530805687203792120e-02
-8.490566037735849947e-02
-8.490566037735849947e-02
-8.490566037735849947e-02
-8.490566037735849947e-02
-8.490566037735849947e-02
-8.450704225352113907e-02
-8.450704225352113907e-02
-8.450704225352113907e-02
-8.450704225352113907e-02
-8.450704225352113907e-02
-8.411214953271028971e-02
-8.411214953271028971e-02
-8.411214953271028971e-02
-8.411214953271028971e-02
-8.411214953271028971e-02
-8.372093023255813837e-02
-8.372093023255813837e-02
-8.372093023255813837e-02
-8.372093023255813837e-02
-8.372093023255813837e-02
-8.333333333333332871e-02
-8.333333333333332871e-02
-8.333333333333332871e-02
-8.333333333333332871e-02
-8.333333333333332871e-02
-9.677419354838709409e-02
-9.677419354838709409e-02
-9.677419354838709409e-02
-9.677419354838709409e-02
-9.677419354838709409e-02
-9.633027522935780351e-02
-9.633027522935780351e-02
-9.633027522935780351e-02
-9.633027522935780351e-02
-8.256880733944954587e-02
-8.219178082191780366e-02
-8.219178082191780366e-02
-8.219178082191780366e-02
-8.219178082191780366e-02
-8.219178082191780366e-02
-8.181818181818181768e-02
-8.181818181818181768e-02
-8.181818181818181768e-02
-8.181818181818181768e-02
-8.181818181818181768e-02
-8.144796380090497945e-02
-8.144796380090497945e-02
-8.144796380090497945e-02
-8.144796380090497945e-02
-8.144796380090497945e-02
-8.108108108108108558e-02
-8.108108108108108558e-02
-8.108108108108108558e-02
-8.108108108108108558e-02
-8.108108108108108558e-02
-8.071748878923767911e-02
-8.071748878923767911e-02
-8.071748878923767911e-02
-8.071748878923767911e-02
-8.071748878923767911e-02
-8.035714285714286309e-02
-9.375000000000000000e-02
-9.375000000000000000e-02
-9.375000000000000000e-02
-9.375000000000000000e-02
-9.333333333333333759e-02
-9.333333333333333759e-02
-9.333333333333333759e-02
-9.333333333333333759e-02
-9.333333333333333759e-02
-9.292035398230089061e-02
-9.292035398230089061e-02
-9.292035398230089061e-02
-9.292035398230089061e-02
-9.292035398230089061e-02
-9.251101321585904202e-02
-9.251101321585904202e-02
-7.929515418502203206e-02
-7.929515418502203206e-02
-7.929515418502203206e-02
-7.894736842105262720e-02
-7.894736842105262720e-02
-7.894736842105262720e-02
-7.894736842105262720e-02
-7.894736842105262720e-02
-7.860262008733624739e-02
-7.860262008733624739e-02
-7.860262008733624739e-02
-7.860262008733624739e-02
-7.860262008733624739e-02
-7.826086956521739746e-02
-7.826086956521739746e-02
-7.826086956521739746e-02
-7.826086956521739746e-02
-7.826086956521739746e-02
-7.792207792207793415e-02
-7.792207792207793415e-02
-7.792207792207793415e-02
-9.090909090909091161e-02
-9.090909090909091161e-02
-9.051724137931035918e-02
-9.051724137931035918e-02
-9.051724137931035918e-02
-9.051724137931035918e-02
-9.051724137931035918e-02
-9.012875536480687011e-02
-9.012875536480687011e-02
-9.012875536480687011e-02
-9.012875536480687011e-02
-9.012875536480687011e-02
-8.974358974358975782e-02
-8.974358974358975782e-02
-8.974358974358975782e-02
-8.974358974358975782e-02
-8.974358974358975782e-02
-8.936170212765957854e-02
-8.936170212765957854e-02
-8.936170212765957854e-02
-8.936170212765957854e-02
-7.659574468085106336e-02
-7.627118644067797104e-02
-7.627118644067797104e-02
-7.627118644067797104e-02
-7.627118644067797104e-02
-7.627118644067797104e-02
-7.594936708860759722e-02
-7.594936708860759722e-02
-7.594936708860759722e-02
-7.594936708860759722e-02
-7.594936708860759722e-02
-7.563025210084034500e-02
-7.563025210084034500e-02
-7.563025210084034500e-02
-7.563025210084034500e-02
-7.563025210084034500e-02
-8.786610878661088586e-02
-8.786610878661088586e-02
-8.786610878661088586e-02
-8.786610878661088586e-02
-8.786610878661088586e-02
-8.750000000000000833e-02
-8.750000000000000833e-02
-8.750000000000000833e-02
-8.750000000000000833e-02
-8.750000000000000833e-02
-8.713692946058092248e-02
-8.713692946058092248e-02
-8.713692946058092248e-02
-8.713692946058092248e-02
-8.713692946058092248e-02
-8.677685950413223381e-02
-8.677685950413223381e-02
-8.677685950413223381e-02
-8.677685950413223381e-02
-8.677685950413223381e-02
-8.641975308641976217e-02
-8.641975308641976217e-02
-8.641975308641976217e-02
-8.641975308641976217e-02
-8.641975308641976217e-02
-8.606557377049181556e-02
-8.606557377049181556e-02
-7.377049180327868716e-02
-7.377049180327868716e-02
-7.377049180327868716e-02
-7.346938775510204744e-02
-7.346938775510204744e-02
-7.346938775510204744e-02
-7.346938775510204744e-02
-7.346938775510204744e-02
-7.317073170731708265e-02
-7.317073170731708265e-02
-8.536585365853659180e-02
-8.536585365853659180e-02
-8.536585365853659180e-02
-8.502024291497976838e-02
-8.502024291497976838e-02
-8.502024291497976838e-02
-8.502024291497976838e-02
-8.502024291497976838e-02
-8.467741935483871774e-02
-8.467741935483871774e-02
-8.467741935483871774e-02
-8.467741935483871774e-02
-8.467741935483871774e-02
-8.433734939759036930e-02
-8.433734939759036930e-02
-8.433734939759036930e-02
-8.433734939759036930e-02
-8.433734939759036930e-02
-8.400000000000000522e-02
-8.400000000000000522e-02
-8.400000000000000522e-02
-8.400000000000000522e-02
-8.400000000000000522e-02
-8.366533864541833565e-02
-8.366533864541833565e-02
-8.366533864541833565e-02
-8.366533864541833565e-02
-8.366533864541833565e-02
-8.333333333333332871e-02
-8.333333333333332871e-02
-8.333333333333332871e-02
-8.333333333333332871e-02
-8.333333333333332871e-02
-8.300395256916996700e-02
-8.300395256916996700e-02
-7.114624505928854314e-02
-7.114624505928854314e-02
-8.300395256916996700e-02
-8.267716535433071445e-02
-8.267716535433071445e-02
-8.267716535433071445e-02
-8.267716535433071445e-02
-8.267716535433071445e-02
-8.235294117647058709e-02
-8.235294117647058709e-02
-8.235294117647058709e-02
-8.235294117647058709e-02
-8.235294117647058709e-02
-8.203125000000000000e-02
-8.203125000000000000e-02
-8.203125000000000000e-02
-8.203125000000000000e-02
-8.203125000000000000e-02
-8.171206225680933966e-02
-8.171206225680933966e-02
-8.171206225680933966e-02
-8.171206225680933966e-02
-8.171206225680933966e-02
-8.139534883720930813e-02
-8.139534883720930813e-02
-8.139534883720930813e-02
-8.139534883720930813e-02
-8.139534883720930813e-02
-8.108108108108108558e-02
-8.108108108108108558e-02
-8.108108108108108558e-02
-8.108108108108108558e-02
-8.108108108108108558e-02
-8.076923076923077371e-02
-8.076923076923077371e-02
-8.076923076923077371e-02
-8.076923076923077371e-02
-8.076923076923077371e-02
-8.045977011494254150e-02
-8.045977011494254150e-02
-9.195402298850574585e-02
-9.195402298850574585e-02
-9.195402298850574585e-02
-9.160305343511450371e-02
-8.015267175572519942e-02
-8.015267175572519942e-02
-8.015267175572519942e-02
-8.015267175572519942e-02
-7.984790874524715087e-02
-7.984790874524715087e-02
-7.984790874524715087e-02
-7.984790874524715087e-02
-7.984790874524715087e-02
-7.954545454545455807e-02
-7.954545454545455807e-02
-7.954545454545455807e-02
-7.954545454545455807e-02
-7.954545454545455807e-02
-7.924528301886793469e-02
-7.924528301886793469e-02
-7.924528301886793469e-02
-7.924528301886793469e-02
-7.924528301886793469e-02
-7.894736842105262720e-02
-7.894736842105262720e-02
-7.894736842105262720e-02
-7.894736842105262720e-02
-7.894736842105262720e-02
-7.865168539325843866e-02
-7.865168539325843866e-02
-7.865168539325843866e-02
-7.865168539325843866e-02
-7.865168539325843866e-02
-7.835820895522388474e-02
-7.835820895522388474e-02
-7.835820895522388474e-02
-7.835820895522388474e-02
-7.835820895522388474e-02
-8.921933085501858318e-02
-8.921933085501858318e-02
-8.921933085501858318e-02
-8.921933085501858318e-02
-8.921933085501858318e-02
-8.888888888888889228e-02
-8.888888888888889228e-02
-8.888888888888889228e-02
-8.888888888888889228e-02
-8.888888888888889228e-02
-8.856088560885609640e-02
-7.749077490774908261e-02
-7.749077490774908261e-02
-7.749077490774908261e-02
-7.749077490774908261e-02
-7.720588235294117974e-02
-7.720588235294117974e-02
-7.720588235294117974e-02
-7.720588235294117974e-02
-7.720588235294117974e-02
-7.692307692307692735e-02
-7.692307692307692735e-02
-7.692307692307692735e-02
-7.692307692307692735e-02
-7.692307692307692735e-02
-7.664233576642336121e-02
-7.664233576642336121e-02
-7.664233576642336121e-02
-7.664233576642336121e-02
-7.664233576642336121e-02
-7.636363636363636964e-02
-7.636363636363636964e-02
-7.636363636363636964e-02
-7.636363636363636964e-02
-7.636363636363636964e-02
-7.608695652173913526e-02
-7.608695652173913526e-02
-7.608695652173913526e-02
-7.608695652173913526e-02
-8.695652173913044625e-02
-8.664259927797834937e-02
-8.664259927797834937e-02
-8.664259927797834937e-02
-8.664259927797834937e-02
-8.664259927797834937e-02
-8.633093525179856564e-02
-8.633093525179856564e-02
-8.633093525179856564e-02
-8.633093525179856564e-02
-8.633093525179856564e-02
-8.602150537634409289e-02
-8.602150537634409289e-02
-8.602150537634409289e-02
-8.602150537634409289e-02
-8.602150537634409289e-02
-8.571428571428571508e-02
-7.500000000000001110e-02
-7.500000000000001110e-02
-7.500000000000001110e-02
-7.500000000000001110e-02
-7.473309608540926186e-02
-7.473309608540926186e-02
-7.473309608540926186e-02
-7.473309608540926186e-02
-7.473309608540926186e-02
-7.446808510638298906e-02
-7.446808510638298906e-02
-7.446808510638298906e-02
-7.446808510638298906e-02
-7.446808510638298906e-02
-7.420494699646643100e-02
-7.420494699646643100e-02
-7.420494699646643100e-02
-7.420494699646643100e-02
-7.420494699646643100e-02
-7.394366197183098455e-02
-7.394366197183098455e-02
-7.394366197183098455e-02
-8.450704225352113907e-02
-8.450704225352113907e-02
-8.421052631578948566e-02
-8.421052631578948566e-02
-8.421052631578948566e-02
-8.421052631578948566e-02
-8.421052631578948566e-02
-8.391608391608391948e-02
-8.391608391608391948e-02
-8.391608391608391948e-02
-8.391608391608391948e-02
-8.391608391608391948e-02
-8.362369337979094763e-02
-8.362369337979094763e-02
-8.362369337979094763e-02
-8.362369337979094763e-02
-8.362369337979094763e-02
-8.333333333333332871e-02
-8.333333333333332871e-02
-8.333333333333332871e-02
-8.333333333333332871e-02
-8.333333333333332871e-02
-8.304498269896194718e-02
-8.304498269896194718e-02
-7.266435986159169858e-02
-7.266435986159169858e-02
-7.266435986159169858e-02
-7.241379310344828180e-02
-7.241379310344828180e-02
-7.241379310344828180e-02
-7.241379310344828180e-02
-7.241379310344828180e-02
-7.216494845360825472e-02
-7.216494845360825472e-02
-7.216494845360825472e-02
-7.216494845360825472e-02
-7.216494845360825472e-02
-7.191780821917807820e-02
-8.219178082191780366e-02
-8.219178082191780366e-02
-8.219178082191780366e-02
-8.219178082191780366e-02
-8.191126279863482351e-02
-8.191126279863482351e-02
-8.191126279863482351e-02
-8.191126279863482351e-02
-8.191126279863482351e-02
-8.163265306122449716e-02
-8.163265306122449716e-02
-8.163265306122449716e-02
-8.163265306122449716e-02
-8.163265306122449716e-02
-8.135593220338983855e-02
-8.135593220338983855e-02
-8.135593220338983855e-02
-8.135593220338983855e-02
-8.135593220338983855e-02
-8.108108108108108558e-02
-8.108108108108108558e-02
-8.108108108108108558e-02
-8.108108108108108558e-02
-8.108108108108108558e-02
-8.080808080808081495e-02
-8.080808080808081495e-02
-8.080808080808081495e-02
-8.080808080808081495e-02
-8.080808080808081495e-02
-8.053691275167786101e-02
-8.053691275167786101e-02
-8.053691275167786101e-02
-7.046979865771813012e-02
-7.046979865771813012e-02
-7.023411371237457679e-02
-7.023411371237457679e-02
-7.023411371237457679e-02
-7.023411371237457679e-02
-7.023411371237457679e-02
-7.000000000000000666e-02
-8.000000000000001554e-02
-8.000000000000001554e-02
-8.000000000000001554e-02
-8.000000000000001554e-02
-7.973421926910299884e-02
-7.973421926910299884e-02
-7.973421926910299884e-02
-7.973421926910299884e-02
-7.973421926910299884e-02
-7.947019867549669214e-02
-7.947019867549669214e-02
-7.947019867549669214e-02
-7.947019867549669214e-02
-7.947019867549669214e-02
-7.920792079207920888e-02
-7.920792079207920888e-02
-7.920792079207920888e-02
-7.920792079207920888e-02
-7.920792079207920888e-02
-7.894736842105262720e-02
-7.894736842105262720e-02
-7.894736842105262720e-02
-7.894736842105262720e-02
-7.894736842105262720e-02
-7.868852459016394130e-02
-7.868852459016394130e-02
-7.868852459016394130e-02
-7.868852459016394130e-02
-7.868852459016394130e-02
-7.843137254901962063e-02
-7.843137254901962063e-02
-7.843137254901962063e-02
-7.843137254901962063e-02
-7.843137254901962063e-02
-7.817589576547231967e-02
-7.817589576547231967e-02
-7.817589576547231967e-02
-7.817589576547231967e-02
-6.840390879478827624e-02
-7.792207792207793415e-02
-7.792207792207793415e-02
-7.792207792207793415e-02
-7.792207792207793415e-02
-7.792207792207793415e-02
-7.766990291262136636e-02
-7.766990291262136636e-02
-7.766990291262136636e-02
-7.766990291262136636e-02
-7.766990291262136636e-02
-7.741935483870968082e-02
-7.741935483870968082e-02
-7.741935483870968082e-02
-7.741935483870968082e-02
-7.741935483870968082e-02
-7.717041800643087424e-02
-7.717041800643087424e-02
-7.717041800643087424e-02
-7.717041800643087424e-02
-7.717041800643087424e-02
-7.692307692307692735e-02
-7.692307692307692735e-02
-7.692307692307692735e-02
-7.692307692307692735e-02
-7.692307692307692735e-02
-7.667731629392970927e-02
-7.667731629392970927e-02
-7.667731629392970927e-02
-7.667731629392970927e-02
-7.667731629392970927e-02
-7.643312101910829104e-02
-7.643312101910829104e-02
-7.643312101910829104e-02
-7.643312101910829104e-02
-7.643312101910829104e-02
-7.619047619047619735e-02
-7.619047619047619735e-02
-7.619047619047619735e-02
-7.619047619047619735e-02
-8.571428571428571508e-02
-8.544303797468354167e-02
-8.544303797468354167e-02
-8.544303797468354167e-02
-8.544303797468354167e-02
-8.544303797468354167e-02
-8.517350157728707793e-02
-7.570977917981072669e-02
-7.570977917981072669e-02
-7.570977917981072669e-02
-7.570977917981072669e-02
-7.547169811320755817e-02
-7.547169811320755817e-02
-7.547169811320755817e-02
-7.547169811320755817e-02
-7.547169811320755817e-02
-7.523510971786834256e-02
-7.523510971786834256e-02
-7.523510971786834256e-02
-7.523510971786834256e-02
-7.523510971786834256e-02
-7.500000000000001110e-02
-7.500000000000001110e-02
-7.500000000000001110e-02
-7.500000000000001110e-02
-7.500000000000001110e-02
-7.476635514018692419e-02
-7.476635514018692419e-02
-7.476635514018692419e-02
-7.476635514018692419e-02
-7.476635514018692419e-02
-7.453416149068323171e-02
-7.453416149068323171e-02
-7.453416149068323171e-02
-7.453416149068323171e-02
-7.453416149068323171e-02
-7.430340557275542934e-02
-7.430340557275542934e-02
-7.430340557275542934e-02
-7.430340557275542934e-02
-8.359133126934985281e-02
-8.333333333333332871e-02
-8.333333333333332871e-02
-8.333333333333332871e-02
-8.333333333333332871e-02
-8.333333333333332871e-02
-8.307692307692308986e-02
-8.307692307692308986e-02
-8.307692307692308986e-02
-8.307692307692308986e-02
-8.307692307692308986e-02
-8.282208588957055972e-02
-8.282208588957055972e-02
-8.282208588957055972e-02
-7.361963190184049599e-02
-7.361963190184049599e-02
-7.339449541284404077e-02
-7.339449541284404077e-02
-7.339449541284404077e-02
-7.339449541284404077e-02
-7.339449541284404077e-02
-7.317073170731708265e-02
-7.317073170731708265e-02
-7.317073170731708265e-02
-7.317073170731708265e-02
-7.317073170731708265e-02
-7.294832826747721377e-02
-7.294832826747721377e-02
-7.294832826747721377e-02
-7.294832826747721377e-02
-7.294832826747721377e-02
-7.272727272727273762e-02
-7.272727272727273762e-02
-7.272727272727273762e-02
-7.272727272727273762e-02
-7.272727272727273762e-02
-7.250755287009064132e-02
-7.250755287009064132e-02
-7.250755287009064132e-02
-7.250755287009064132e-02
-8.157099697885196454e-02
-8.132530120481928915e-02
-8.132530120481928915e-02
-8.132530120481928915e-02
-8.132530120481928915e-02
-8.132530120481928915e-02
-8.108108108108108558e-02
-8.108108108108108558e-02
-8.108108108108108558e-02
-8.108108108108108558e-02
-8.108108108108108558e-02
-8.083832335329342589e-02
-8.083832335329342589e-02
-8.083832335329342589e-02
-8.083832335329342589e-02
-8.083832335329342589e-02
-8.059701492537313383e-02
-8.059701492537313383e-02
-8.059701492537313383e-02
-8.059701492537313383e-02
-8.059701492537313383e-02
-8.035714285714286309e-02
-7.142857142857142461e-02
-7.142857142857142461e-02
-7.142857142857142461e-02
-7.142857142857142461e-02
-7.121661721068249518e-02
-7.121661721068249518e-02
-7.121661721068249518e-02
-7.121661721068249518e-02
-7.121661721068249518e-02
-7.100591715976331542e-02
-7.100591715976331542e-02
-7.100591715976331542e-02
-7.100591715976331542e-02
-7.100591715976331542e-02
-7.079646017699114946e-02
-7.079646017699114946e-02
-7.079646017699114946e-02
-7.079646017699114946e-02
-7.964601769911504314e-02
-7.941176470588236225e-02
-7.941176470588236225e-02
-7.941176470588236225e-02
-7.941176470588236225e-02
-7.941176470588236225e-02
-7.917888563049854667e-02
-7.917888563049854667e-02
-7.917888563049854667e-02
-7.917888563049854667e-02
-7.917888563049854667e-02
-7.894736842105262720e-02
-7.894736842105262720e-02
-7.894736842105262720e-02
-7.894736842105262720e-02
-7.894736842105262720e-02
-7.871720116618076413e-02
-7.871720116618076413e-02
-7.871720116618076413e-02
-7.871720116618076413e-02
-7.871720116618076413e-02
-7.848837209302327034e-02
-7.848837209302327034e-02
-7.848837209302327034e-02
-7.848837209302327034e-02
-7.848837209302327034e-02
-7.826086956521739746e-02
-7.826086956521739746e-02
-7.826086956521739746e-02
-7.826086956521739746e-02
-6.956521739130434867e-02
-6.936416184971098964e-02
-6.936416184971098964e-02
-6.936416184971098964e-02
-6.936416184971098964e-02
-6.936416184971098964e-02
-6.916426512968300300e-02
-6.916426512968300300e-02
-6.916426512968300300e-02
-6.916426512968300300e-02
-7.780979827089337664e-02
-7.758620689655172653e-02
-7.758620689655172653e-02
-7.758620689655172653e-02
-7.758620689655172653e-02
-7.758620689655172653e-02
-7.736389684813754775e-02
-7.736389684813754775e-02
-7.736389684813754775e-02
-7.736389684813754775e-02
-7.736389684813754775e-02
-7.714285714285715190e-02
-7.714285714285715190e-02
-7.714285714285715190e-02
-7.714285714285715190e-02
-7.714285714285715190e-02
-7.692307692307692735e-02
-7.692307692307692735e-02
-7.692307692307692735e-02
-7.692307692307692735e-02
-7.692307692307692735e-02
-7.670454545454546968e-02
-7.670454545454546968e-02
-7.670454545454546968e-02
-7.670454545454546968e-02
-7.670454545454546968e-02
-7.648725212464589640e-02
-7.648725212464589640e-02
-7.648725212464589640e-02
-7.648725212464589640e-02
-7.648725212464589640e-02
-7.627118644067797104e-02
-7.627118644067797104e-02
-7.627118644067797104e-02
-7.627118644067797104e-02
-7.627118644067797104e-02
-7.605633802816902378e-02
-7.605633802816902378e-02
-7.605633802816902378e-02
-6.760563380281690848e-02
-6.760563380281690848e-02
-7.584269662921348798e-02
-7.584269662921348798e-02
-7.584269662921348798e-02
-7.584269662921348798e-02
-7.584269662921348798e-02
-7.563025210084034500e-02
-7.563025210084034500e-02
-7.563025210084034500e-02
-7.563025210084034500e-02
-7.563025210084034500e-02
-7.541899441340782495e-02
-7.541899441340782495e-02
-7.541899441340782495e-02
-7.541899441340782495e-02
-7.541899441340782495e-02
-7.520891364902507203e-02
-7.520891364902507203e-02
-7.520891364902507203e-02
-7.520891364902507203e-02
-7.520891364902507203e-02
-7.500000000000001110e-02
-7.500000000000001110e-02
-7.500000000000001110e-02
-7.500000000000001110e-02
-7.500000000000001110e-02
-7.479224376731302693e-02
-7.479224376731302693e-02
-7.479224376731302693e-02
-7.479224376731302693e-02
-7.479224376731302693e-02
-7.458563535911602593e-02
-7.458563535911602593e-02
-7.458563535911602593e-02
-7.458563535911602593e-02
-7.458563535911602593e-02
-7.438016528925620041e-02
-7.438016528925620041e-02
-7.438016528925620041e-02
-7.438016528925620041e-02
-7.438016528925620041e-02
-8.241758241758241621e-02
-8.241758241758241621e-02
-8.241758241758241621e-02
-8.241758241758241621e-02
-8.241758241758241621e-02
-8.219178082191780366e-02
-7.397260273972602884e-02
-7.397260273972602884e-02
-7.397260273972602884e-02
-7.397260273972602884e-02
-7.377049180327868716e-02
-7.377049180327868716e-02
-7.377049180327868716e-02
-7.377049180327868716e-02
-7.377049180327868716e-02
-7.356948228882834173e-02
-7.356948228882834173e-02
-7.356948228882834173e-02
-7.356948228882834173e-02
-7.356948228882834173e-02
-7.336956521739131099e-02
-7.336956521739131099e-02
-7.336956521739131099e-02
-7.336956521739131099e-02
-7.336956521739131099e-02
-7.317073170731708265e-02
-7.317073170731708265e-02
-7.317073170731708265e-02
-7.317073170731708265e-02
-7.317073170731708265e-02
-7.297297297297297702e-02
-7.297297297297297702e-02
-7.297297297297297702e-02
-7.297297297297297702e-02
-7.297297297297297702e-02
-7.277628032345014042e-02
-7.277628032345014042e-02
-7.277628032345014042e-02
-7.277628032345014042e-02
-7.277628032345014042e-02
-7.258064516129032751e-02
-8.064516129032259228e-02
-8.064516129032259228e-02
-8.064516129032259228e-02
-8.064516129032259228e-02
-8.042895442359250524e-02
-8.042895442359250524e-02
-8.042895442359250524e-02
-8.042895442359250524e-02
-8.042895442359250524e-02
-8.021390374331550943e-02
-8.021390374331550943e-02
-8.021390374331550943e-02
-8.021390374331550943e-02
-8.021390374331550943e-02
-8.000000000000001554e-02
-7.200000000000000844e-02
-7.200000000000000844e-02
-7.200000000000000844e-02
-7.200000000000000844e-02
-7.180851063829787884e-02
-7.180851063829787884e-02
-7.180851063829787884e-02
-7.180851063829787884e-02
-7.180851063829787884e-02
-7.161803713527852000e-02
-7.161803713527852000e-02
-7.161803713527852000e-02
-7.161803713527852000e-02
-7.161803713527852000e-02
-7.142857142857142461e-02
-7.142857142857142461e-02
-7.142857142857142461e-02
-7.142857142857142461e-02
-7.142857142857142461e-02
-7.124010554089710290e-02
-7.124010554089710290e-02
-7.124010554089710290e-02
-7.124010554089710290e-02
-7.124010554089710290e-02
-7.105263157894738113e-02
-7.105263157894738113e-02
-7.894736842105262720e-02
-7.894736842105262720e-02
-7.894736842105262720e-02
-7.874015748031495954e-02
-7.874015748031495954e-02
-7.874015748031495954e-02
-7.874015748031495954e-02
-7.874015748031495954e-02
-7.853403141361256501e-02
-7.853403141361256501e-02
-7.853403141361256501e-02
-7.853403141361256501e-02
-7.853403141361256501e-02
-7.832898172323760067e-02
-7.832898172323760067e-02
-7.832898172323760067e-02
-7.832898172323760067e-02
-7.832898172323760067e-02
-7.812500000000001388e-02
-7.812500000000001388e-02
-7.812500000000001388e-02
-7.812500000000001388e-02
-7.031250000000000000e-02
-7.012987012987013935e-02
-7.012987012987013935e-02
-7.012987012987013935e-02
-7.012987012987013935e-02
-7.012987012987013935e-02
-6.994818652849740803e-02
-6.994818652849740803e-02
-6.994818652849740803e-02
-6.994818652849740803e-02
-6.994818652849740803e-02
-6.976744186046511531e-02
-6.976744186046511531e-02
-6.976744186046511531e-02
-6.976744186046511531e-02
-6.976744186046511531e-02
-6.958762886597938402e-02
-6.958762886597938402e-02
-7.731958762886598224e-02
-7.731958762886598224e-02
-7.731958762886598224e-02
-7.712082262210798178e-02
-7.712082262210798178e-02
-7.712082262210798178e-02
-7.712082262210798178e-02
-7.712082262210798178e-02
-7.692307692307692735e-02
-7.692307692307692735e-02
-7.692307692307692735e-02
-7.692307692307692735e-02
-7.692307692307692735e-02
-7.672634271099744441e-02
-7.672634271099744441e-02
-7.672634271099744441e-02
-7.672634271099744441e-02
-7.672634271099744441e-02
-7.653061224489796088e-02
-7.653061224489796088e-02
-7.653061224489796088e-02
-7.653061224489796088e-02
-7.653061224489796088e-02
-7.633587786259542207e-02
-7.633587786259542207e-02
-7.633587786259542207e-02
-7.633587786259542207e-02
-7.633587786259542207e-02
-7.614213197969543767e-02
-7.614213197969543767e-02
-7.614213197969543767e-02
-6.852791878172588558e-02
-6.852791878172588558e-02
-6.835443037974683889e-02
-6.835443037974683889e-02
-6.835443037974683889e-02
-6.835443037974683889e-02
-6.835443037974683889e-02
-6.818181818181819065e-02
-6.818181818181819065e-02
-7.575757575757575968e-02
-7.575757575757575968e-02
-7.575757575757575968e-02
-7.556675062972292856e-02
-7.556675062972292856e-02
-7.556675062972292856e-02
-7.556675062972292856e-02
-7.556675062972292856e-02
-7.537688442211055995e-02
-7.537688442211055995e-02
-7.537688442211055995e-02
-7.537688442211055995e-02
-7.537688442211055995e-02
-7.518796992481202590e-02
-7.518796992481202590e-02
-7.518796992481202590e-02
-7.518796992481202590e-02
-7.518796992481202590e-02
-7.500000000000001110e-02
-7.500000000000001110e-02
-7.500000000000001110e-02
-7.500000000000001110e-02
-7.500000000000001110e-02
-7.481296758104738487e-02
-7.481296758104738487e-02
-7.481296758104738487e-02
-7.481296758104738487e-02
-7.481296758104738487e-02
-7.462686567164179829e-02
-7.462686567164179829e-02
-7.462686567164179829e-02
-7.462686567164179829e-02
-7.462686567164179829e-02
-8.188585607940447597e-02
-8.188585607940447597e-02
-8.188585607940447597e-02
-8.188585607940447597e-02
-8.188585607940447597e-02
-8.168316831683168633e-02
-8.168316831683168633e-02
-8.168316831683168633e-02
-7.425742574257426787e-02
-7.425742574257426787e-02
-7.407407407407406996e-02
-7.407407407407406996e-02
-7.407407407407406996e-02
-7.407407407407406996e-02
-7.407407407407406996e-02
-7.389162561576355370e-02
-7.389162561576355370e-02
-7.389162561576355370e-02
-7.389162561576355370e-02
-8.128078817733991324e-02
-8.108108108108108558e-02
-8.108108108108108558e-02
-8.108108108108108558e-02
-8.108108108108108558e-02
-8.108108108108108558e-02
-8.088235294117647467e-02
-8.088235294117647467e-02
