0.000000000000000000e+00
0.000000000000000000e+00
0.000000000000000000e+00
0.000000000000000000e+00
0.000000000000000000e+00
0.000000000000000000e+00
0.000000000000000000e+00
0.000000000000000000e+00
0.000000000000000000e+00
0.000000000000000000e+00
3.333333333333428072e-01
3.333333333333428072e-01
3.333333333333428072e-01
3.333333333333428072e-01
3.333333333333428072e-01
2.857142857142938586e-01
2.857142857142938586e-01
0.000000000000000000e+00
0.000000000000000000e+00
0.000000000000000000e+00
0.000000000000000000e+00
0.000000000000000000e+00
0.000000000000000000e+00
0.000000000000000000e+00
0.000000000000000000e+00
0.000000000000000000e+00
0.000000000000000000e+00
0.000000000000000000e+00
0.000000000000000000e+00
0.000000000000000000e+00
0.000000000000000000e+00
0.000000000000000000e+00
0.000000000000000000e+00
1.999999999999886313e-01
1.999999999999886313e-01
1.818181818181714982e-01
1.818181818181714982e-01
1.818181818181714982e-01
1.818181818181714982e-01
1.818181818181714982e-01
1.666666666666571928e-01
1.666666666666571928e-01
1.666666666666571928e-01
1.666666666666571928e-01
1.666666666666571928e-01
1.538461538461451117e-01
0.000000000000000000e+00
0.000000000000000000e+00
0.000000000000000000e+00
0.000000000000000000e+00
0.000000000000000000e+00
0.000000000000000000e+00
0.000000000000000000e+00
0.000000000000000000e+00
0.000000000000000000e+00
0.000000000000000000e+00
0.000000000000000000e+00
0.000000000000000000e+00
0.000000000000000000e+00
0.000000000000000000e+00
0.000000000000000000e+00
0.000000000000000000e+00
0.000000000000000000e+00
0.000000000000000000e+00
0.000000000000000000e+00
0.000000000000000000e+00
0.000000000000000000e+00
0.000000000000000000e+00
0.000000000000000000e+00
0.000000000000000000e+00
0.000000000000000000e+00
0.000000000000000000e+00
1.111111111111142691e-01
1.111111111111142691e-01
1.111111111111142691e-01
1.052631578947398339e-01
1.052631578947398339e-01
1.052631578947398339e-01
1.052631578947398339e-01
1.052631578947398339e-01
1.000000000000028505e-01
1.000000000000028505e-01
1.000000000000028505e-01
1.000000000000028505e-01
1.000000000000028505e-01
9.523809523809793898e-02
9.523809523809793898e-02
9.523809523809793898e-02
9.523809523809793898e-02
9.523809523809793898e-02
9.090909090909349288e-02
9.090909090909349288e-02
9.090909090909349288e-02
9.090909090909349288e-02
0.000000000000000000e+00
0.000000000000000000e+00
0.000000000000000000e+00
0.000000000000000000e+00
0.000000000000000000e+00
0.000000000000000000e+00
0.000000000000000000e+00
0.000000000000000000e+00
0.000000000000000000e+00
0.000000000000000000e+00
0.000000000000000000e+00
0.000000000000000000e+00
0.000000000000000000e+00
0.000000000000000000e+00
0.000000000000000000e+00
0.000000000000000000e+00
0.000000000000000000e+00
0.000000000000000000e+00
0.000000000000000000e+00
0.000000000000000000e+00
0.000000000000000000e+00
0.000000000000000000e+00
0.000000000000000000e+00
0.000000000000000000e+00
0.000000000000000000e+00
0.000000000000000000e+00
0.000000000000000000e+00
0.000000000000000000e+00
0.000000000000000000e+00
0.000000000000000000e+00
0.000000000000000000e+00
0.000000000000000000e+00
0.000000000000000000e+00
0.000000000000000000e+00
0.000000000000000000e+00
0.000000000000000000e+00
0.000000000000000000e+00
0.000000000000000000e+00
0.000000000000000000e+00
0.000000000000000000e+00
0.000000000000000000e+00
0.000000000000000000e+00
0.000000000000000000e+00
0.000000000000000000e+00
0.000000000000000000e+00
0.000000000000000000e+00
0.000000000000000000e+00
0.000000000000000000e+00
0.000000000000000000e+00
0.000000000000000000e+00
0.000000000000000000e+00
0.000000000000000000e+00
0.000000000000000000e+00
0.000000000000000000e+00
0.000000000000000000e+00
0.000000000000000000e+00
0.000000000000000000e+00
0.000000000000000000e+00
0.000000000000000000e+00
0.000000000000000000e+00
0.000000000000000000e+00
0.000000000000000000e+00
0.000000000000000000e+00
0.000000000000000000e+00
0.000000000000000000e+00
0.000000000000000000e+00
0.000000000000000000e+00
0.000000000000000000e+00
0.000000000000000000e+00
0.000000000000000000e+00
0.000000000000000000e+00
0.000000000000000000e+00
0.000000000000000000e+00
0.000000000000000000e+00
0.000000000000000000e+00
0.000000000000000000e+00
0.000000000000000000e+00
0.000000000000000000e+00
0.000000000000000000e+00
0.000000000000000000e+00
0.000000000000000000e+00
0.000000000000000000e+00
0.000000000000000000e+00
0.000000000000000000e+00
0.000000000000000000e+00
0.000000000000000000e+00
0.000000000000000000e+00
0.000000000000000000e+00
0.000000000000000000e+00
0.000000000000000000e+00
0.000000000000000000e+00
0.000000000000000000e+00
0.000000000000000000e+00
0.000000000000000000e+00
0.000000000000000000e+00
0.000000000000000000e+00
0.000000000000000000e+00
0.000000000000000000e+00
0.000000000000000000e+00
0.000000000000000000e+00
0.000000000000000000e+00
0.000000000000000000e+00
0.000000000000000000e+00
0.000000000000000000e+00
0.000000000000000000e+00
0.000000000000000000e+00
0.000000000000000000e+00
0.000000000000000000e+00
0.000000000000000000e+00
0.000000000000000000e+00
0.000000000000000000e+00
0.000000000000000000e+00
0.000000000000000000e+00
0.000000000000000000e+00
0.000000000000000000e+00
0.000000000000000000e+00
0.000000000000000000e+00
0.000000000000000000e+00
0.000000000000000000e+00
0.000000000000000000e+00
0.000000000000000000e+00
0.000000000000000000e+00
0.000000000000000000e+00
0.000000000000000000e+00
0.000000000000000000e+00
0.000000000000000000e+00
0.000000000000000000e+00
0.000000000000000000e+00
0.000000000000000000e+00
0.000000000000000000e+00
0.000000000000000000e+00
0.000000000000000000e+00
0.000000000000000000e+00
0.000000000000000000e+00
0.000000000000000000e+00
0.000000000000000000e+00
0.000000000000000000e+00
0.000000000000000000e+00
0.000000000000000000e+00
0.000000000000000000e+00
0.000000000000000000e+00
0.000000000000000000e+00
0.000000000000000000e+00
0.000000000000000000e+00
0.000000000000000000e+00
0.000000000000000000e+00
0.000000000000000000e+00
0.000000000000000000e+00
0.000000000000000000e+00
0.000000000000000000e+00
0.000000000000000000e+00
0.000000000000000000e+00
0.000000000000000000e+00
0.000000000000000000e+00
0.000000000000000000e+00
0.000000000000000000e+00
0.000000000000000000e+00
0.000000000000000000e+00
0.000000000000000000e+00
0.000000000000000000e+00
0.000000000000000000e+00
0.000000000000000000e+00
0.000000000000000000e+00
0.000000000000000000e+00
0.000000000000000000e+00
0.000000000000000000e+00
0.000000000000000000e+00
0.000000000000000000e+00
0.000000000000000000e+00
0.000000000000000000e+00
0.000000000000000000e+00
0.000000000000000000e+00
0.000000000000000000e+00
0.000000000000000000e+00
0.000000000000000000e+00
0.000000000000000000e+00
0.000000000000000000e+00
0.000000000000000000e+00
0.000000000000000000e+00
0.000000000000000000e+00
0.000000000000000000e+00
0.000000000000000000e+00
0.000000000000000000e+00
0.000000000000000000e+00
0.000000000000000000e+00
0.000000000000000000e+00
0.000000000000000000e+00
0.000000000000000000e+00
0.000000000000000000e+00
0.000000000000000000e+00
0.000000000000000000e+00
0.000000000000000000e+00
0.000000000000000000e+00
0.000000000000000000e+00
0.000000000000000000e+00
0.000000000000000000e+00
0.000000000000000000e+00
0.000000000000000000e+00
0.000000000000000000e+00
0.000000000000000000e+00
0.000000000000000000e+00
-3.174603174603265326e-02
-3.174603174603265326e-02
-3.174603174603265326e-02
-3.174603174603265326e-02
-3.174603174603265326e-02
-3.125000000000088818e-02
-3.125000000000088818e-02
-3.125000000000088818e-02
-3.125000000000088818e-02
-3.125000000000088818e-02
-3.076923076923164524e-02
-3.076923076923164524e-02
-3.076923076923164524e-02
-3.076923076923164524e-02
-3.076923076923164524e-02
-3.030303030303116429e-02
-3.030303030303116429e-02
-3.030303030303116429e-02
-3.030303030303116429e-02
-3.030303030303116429e-02
-2.985074626865756586e-02
-2.985074626865756586e-02
-2.985074626865756586e-02
-2.985074626865756586e-02
-2.985074626865756586e-02
-2.941176470588319214e-02
-2.941176470588319214e-02
-2.941176470588319214e-02
-2.941176470588319214e-02
-2.941176470588319214e-02
-2.898550724637763767e-02
-2.898550724637763767e-02
-2.898550724637763767e-02
-2.898550724637763767e-02
-2.898550724637763767e-02
-2.857142857142938586e-02
-2.857142857142938586e-02
-2.857142857142938586e-02
-2.857142857142938586e-02
-2.857142857142938586e-02
-2.816901408450784433e-02
-2.816901408450784433e-02
-2.816901408450784433e-02
-2.816901408450784433e-02
-2.816901408450784433e-02
-2.777777777777856727e-02
-2.777777777777856727e-02
-2.777777777777856727e-02
-2.777777777777856727e-02
-2.777777777777856727e-02
-2.739726027397338184e-02
-2.739726027397338184e-02
-2.739726027397338184e-02
-2.739726027397338184e-02
-2.739726027397338184e-02
-2.702702702702779874e-02
-2.702702702702779874e-02
-2.702702702702779874e-02
-2.702702702702779874e-02
-2.702702702702779874e-02
-2.666666666666742819e-02
-2.666666666666742819e-02
-2.666666666666742819e-02
-2.666666666666742819e-02
-2.666666666666742819e-02
-2.631578947368495847e-02
-2.631578947368495847e-02
-2.631578947368495847e-02
-2.631578947368495847e-02
-2.631578947368495847e-02
-2.597402597402671473e-02
-2.597402597402671473e-02
-2.597402597402671473e-02
-2.597402597402671473e-02
-2.597402597402671473e-02
-2.564102564102637219e-02
-2.564102564102637219e-02
-2.564102564102637219e-02
0.000000000000000000e+00
0.000000000000000000e+00
0.000000000000000000e+00
0.000000000000000000e+00
0.000000000000000000e+00
0.000000000000000000e+00
0.000000000000000000e+00
0.000000000000000000e+00
0.000000000000000000e+00
0.000000000000000000e+00
-2.499999999999857891e-02
-2.499999999999857891e-02
-2.469135802468995500e-02
-2.469135802468995500e-02
-2.469135802468995500e-02
-2.469135802468995500e-02
-2.469135802468995500e-02
-2.439024390243763746e-02
-2.439024390243763746e-02
-2.439024390243763746e-02
-2.439024390243763746e-02
-2.439024390243763746e-02
-2.409638554216730552e-02
-2.409638554216730552e-02
-2.409638554216730552e-02
-2.409638554216730552e-02
-2.409638554216730552e-02
-2.380952380952245512e-02
-2.380952380952245512e-02
-2.380952380952245512e-02
-2.380952380952245512e-02
-2.380952380952245512e-02
-2.352941176470454629e-02
-2.352941176470454629e-02
-2.352941176470454629e-02
-2.352941176470454629e-02
-2.352941176470454629e-02
-2.325581395348704991e-02
-2.325581395348704991e-02
-2.325581395348704991e-02
-2.325581395348704991e-02
-2.325581395348704991e-02
-2.298850574712513195e-02
-2.298850574712513195e-02
-2.298850574712513195e-02
-2.298850574712513195e-02
-2.298850574712513195e-02
-2.272727272727143727e-02
-2.272727272727143727e-02
-2.272727272727143727e-02
-2.272727272727143727e-02
-2.272727272727143727e-02
-2.247191011235827318e-02
-2.247191011235827318e-02
-2.247191011235827318e-02
-2.247191011235827318e-02
-2.247191011235827318e-02
-2.222222222222096019e-02
-2.222222222222096019e-02
-2.222222222222096019e-02
-2.222222222222096019e-02
-2.222222222222096019e-02
-2.197802197802073074e-02
-2.197802197802073074e-02
-2.197802197802073074e-02
-2.197802197802073074e-02
-2.197802197802073074e-02
-2.173913043478137297e-02
-2.173913043478137297e-02
-2.173913043478137297e-02
-2.173913043478137297e-02
-2.173913043478137297e-02
-2.150537634408479851e-02
-2.150537634408479851e-02
-2.150537634408479851e-02
-2.150537634408479851e-02
-2.150537634408479851e-02
-2.127659574467964318e-02
-2.127659574467964318e-02
-2.127659574467964318e-02
-2.127659574467964318e-02
-4.255319148936109741e-02
-4.210526315789413915e-02
-4.210526315789413915e-02
-4.210526315789413915e-02
-4.210526315789413915e-02
-4.210526315789413915e-02
-4.166666666666608149e-02
-4.166666666666608149e-02
-4.166666666666608149e-02
-4.166666666666608149e-02
-4.166666666666608149e-02
-4.123711340206127202e-02
-4.123711340206127202e-02
-4.123711340206127202e-02
-4.123711340206127202e-02
-4.123711340206127202e-02
-4.081632653061166571e-02
-4.081632653061166571e-02
-4.081632653061166571e-02
-4.081632653061166571e-02
-4.081632653061166571e-02
-4.040404040403983155e-02
-4.040404040403983155e-02
-4.040404040403983155e-02
-4.040404040403983155e-02
-4.040404040403983155e-02
-3.999999999999943184e-02
-3.999999999999943184e-02
-3.999999999999943184e-02
-2.000000000000056941e-02
-2.000000000000056941e-02
-1.980198019802036427e-02
-1.980198019802036427e-02
-1.980198019802036427e-02
-1.980198019802036427e-02
-1.980198019802036427e-02
-1.960784313725546027e-02
-1.960784313725546027e-02
-1.960784313725546027e-02
-1.960784313725546027e-02
-1.960784313725546027e-02
-1.941747572815589323e-02
-1.941747572815589323e-02
-1.941747572815589323e-02
-1.941747572815589323e-02
-1.941747572815589323e-02
-1.923076923076977654e-02
-1.923076923076977654e-02
-1.923076923076977654e-02
-1.923076923076977654e-02
-1.923076923076977654e-02
-1.904761904761959057e-02
-1.904761904761959057e-02
-1.904761904761959057e-02
-1.904761904761959057e-02
-1.904761904761959057e-02
-1.886792452830242384e-02
-1.886792452830242384e-02
-1.886792452830242384e-02
-1.886792452830242384e-02
-1.886792452830242384e-02
-1.869158878504726187e-02
-3.738317757009452375e-02
-3.738317757009452375e-02
-3.738317757009452375e-02
-3.738317757009452375e-02
-3.703703703703809663e-02
-3.703703703703809663e-02
-3.703703703703809663e-02
-3.703703703703809663e-02
-3.703703703703809663e-02
-3.669724770642306122e-02
-3.669724770642306122e-02
-3.669724770642306122e-02
-3.669724770642306122e-02
-3.669724770642306122e-02
-3.636363636363740270e-02
-3.636363636363740270e-02
-3.636363636363740270e-02
-3.636363636363740270e-02
-3.636363636363740270e-02
-3.603603603603706268e-02
-3.603603603603706268e-02
-3.603603603603706268e-02
-3.603603603603706268e-02
-3.603603603603706268e-02
-3.571428571428673232e-02
-3.571428571428673232e-02
-3.571428571428673232e-02
-3.571428571428673232e-02
-3.571428571428673232e-02
-3.539823008849658087e-02
-3.539823008849658087e-02
-3.539823008849658087e-02
-3.539823008849658087e-02
-3.539823008849658087e-02
-3.508771929824661129e-02
-3.508771929824661129e-02
-3.508771929824661129e-02
-3.508771929824661129e-02
-3.508771929824661129e-02
-3.478260869565316660e-02
-3.478260869565316660e-02
-3.478260869565316660e-02
-3.478260869565316660e-02
-3.478260869565316660e-02
-3.448275862069063308e-02
-3.448275862069063308e-02
-3.448275862069063308e-02
-3.448275862069063308e-02
-3.448275862069063308e-02
-3.418803418803516292e-02
-3.418803418803516292e-02
-3.418803418803516292e-02
-3.418803418803516292e-02
-3.418803418803516292e-02
-3.389830508474672710e-02
-3.389830508474672710e-02
-1.694915254237336355e-02
-1.694915254237336355e-02
-3.389830508474528381e-02
-3.361344537815078720e-02
-3.361344537815078720e-02
-3.361344537815078720e-02
-3.361344537815078720e-02
-3.361344537815078720e-02
-3.333333333333286103e-02
-3.333333333333286103e-02
-3.333333333333286103e-02
-3.333333333333286103e-02
-3.333333333333286103e-02
-3.305785123966895750e-02
-3.305785123966895750e-02
-3.305785123966895750e-02
-3.305785123966895750e-02
-3.305785123966895750e-02
-3.278688524590117614e-02
-3.278688524590117614e-02
-3.278688524590117614e-02
-3.278688524590117614e-02
-3.278688524590117614e-02
-3.252032520325157106e-02
-3.252032520325157106e-02
-3.252032520325157106e-02
-3.252032520325157106e-02
-3.252032520325157106e-02
-3.225806451612857340e-02
-3.225806451612857340e-02
-3.225806451612857340e-02
-3.225806451612857340e-02
-3.225806451612857340e-02
-3.199999999999954964e-02
-3.199999999999954964e-02
-3.199999999999954964e-02
-3.199999999999954964e-02
-3.199999999999954964e-02
-3.174603174603130018e-02
-3.174603174603130018e-02
-3.174603174603130018e-02
-3.174603174603130018e-02
-3.174603174603130018e-02
-3.149606299212553973e-02
-3.149606299212553973e-02
-3.149606299212553973e-02
-3.149606299212553973e-02
-3.149606299212553973e-02
-3.124999999999955591e-02
-3.124999999999955591e-02
-3.124999999999955591e-02
-3.124999999999955591e-02
-3.124999999999955591e-02
-3.100775193798405507e-02
-3.100775193798405507e-02
-3.100775193798405507e-02
-3.100775193798405507e-02
-4.651162790697674354e-02
-4.615384615384615641e-02
-4.615384615384615641e-02
-4.615384615384615641e-02
-4.615384615384615641e-02
-4.615384615384615641e-02
-4.580152671755725186e-02
-4.580152671755725186e-02
-4.580152671755725186e-02
-4.580152671755725186e-02
-4.580152671755725186e-02
-4.545454545454545581e-02
-4.545454545454545581e-02
-4.545454545454545581e-02
-4.545454545454545581e-02
-4.545454545454545581e-02
-4.511278195488721554e-02
-4.511278195488721554e-02
-4.511278195488721554e-02
-4.511278195488721554e-02
-3.007518796992438362e-02
-2.985074626865629605e-02
-2.985074626865629605e-02
-2.985074626865629605e-02
-2.985074626865629605e-02
-2.985074626865629605e-02
-2.962962962962920749e-02
-2.962962962962920749e-02
-2.962962962962920749e-02
-2.962962962962920749e-02
-2.962962962962920749e-02
-2.941176470588193620e-02
-2.941176470588193620e-02
-2.941176470588193620e-02
-2.941176470588193620e-02
-2.941176470588193620e-02
-2.919708029197038909e-02
-2.919708029197038909e-02
-2.919708029197038909e-02
-2.919708029197038909e-02
-2.919708029197038909e-02
-2.898550724637639908e-02
-2.898550724637639908e-02
-2.898550724637639908e-02
-2.898550724637639908e-02
-2.898550724637639908e-02
-2.877697841726577915e-02
-2.877697841726577915e-02
-2.877697841726577915e-02
-2.877697841726577915e-02
-2.877697841726577915e-02
-2.857142857142816461e-02
-2.857142857142816461e-02
-4.285714285714285754e-02
-4.285714285714285754e-02
-4.285714285714285754e-02
-4.255319148936170109e-02
-4.255319148936170109e-02
-4.255319148936170109e-02
-4.255319148936170109e-02
-4.255319148936170109e-02
-4.225352112676056954e-02
-4.225352112676056954e-02
-4.225352112676056954e-02
-4.225352112676056954e-02
-4.225352112676056954e-02
-4.195804195804195974e-02
-4.195804195804195974e-02
-4.195804195804195974e-02
-4.195804195804195974e-02
-4.195804195804195974e-02
-4.166666666666666435e-02
-4.166666666666666435e-02
-4.166666666666666435e-02
-4.166666666666666435e-02
-4.166666666666666435e-02
-4.137931034482758563e-02
-4.137931034482758563e-02
-4.137931034482758563e-02
-4.137931034482758563e-02
-4.137931034482758563e-02
-4.109589041095890183e-02
-4.109589041095890183e-02
-4.109589041095890183e-02
-4.109589041095890183e-02
-4.109589041095890183e-02
-4.081632653061224858e-02
-4.081632653061224858e-02
-4.081632653061224858e-02
-4.081632653061224858e-02
-4.081632653061224858e-02
-4.054054054054054279e-02
-4.054054054054054279e-02
-2.702702702702779874e-02
-2.702702702702779874e-02
-2.702702702702779874e-02
-2.684563758389338362e-02
-2.684563758389338362e-02
-2.684563758389338362e-02
-2.684563758389338362e-02
-2.684563758389338362e-02
-2.666666666666742819e-02
-2.666666666666742819e-02
-2.666666666666742819e-02
-4.000000000000000777e-02
-4.000000000000000777e-02
-3.973509933774834607e-02
-3.973509933774834607e-02
-3.973509933774834607e-02
-3.973509933774834607e-02
-3.973509933774834607e-02
-3.947368421052631360e-02
-3.947368421052631360e-02
-3.947368421052631360e-02
-3.947368421052631360e-02
-3.947368421052631360e-02
-3.921568627450981032e-02
-3.921568627450981032e-02
-3.921568627450981032e-02
-3.921568627450981032e-02
-3.921568627450981032e-02
-3.896103896103896708e-02
-3.896103896103896708e-02
-3.896103896103896708e-02
-3.896103896103896708e-02
-3.896103896103896708e-02
-3.870967741935484041e-02
-3.870967741935484041e-02
-3.870967741935484041e-02
-3.870967741935484041e-02
-3.870967741935484041e-02
-3.846153846153846367e-02
-3.846153846153846367e-02
-3.846153846153846367e-02
-3.846153846153846367e-02
-3.846153846153846367e-02
-3.821656050955414552e-02
-3.821656050955414552e-02
-3.821656050955414552e-02
-3.821656050955414552e-02
-3.821656050955414552e-02
-3.797468354430379861e-02
-3.797468354430379861e-02
-3.797468354430379861e-02
-3.797468354430379861e-02
-3.797468354430379861e-02
-3.773584905660377908e-02
-3.773584905660377908e-02
-3.773584905660377908e-02
-3.773584905660377908e-02
-3.773584905660377908e-02
-3.750000000000000555e-02
-3.750000000000000555e-02
-5.000000000000035666e-02
-5.000000000000035666e-02
-5.000000000000035666e-02
-4.968944099378917734e-02
-4.968944099378917734e-02
-4.968944099378917734e-02
-4.968944099378917734e-02
-4.968944099378917734e-02
-4.938271604938306719e-02
-3.703703703703703498e-02
-3.703703703703703498e-02
-3.703703703703703498e-02
-3.703703703703703498e-02
-3.680981595092024800e-02
-3.680981595092024800e-02
-3.680981595092024800e-02
-3.680981595092024800e-02
-3.680981595092024800e-02
-3.658536585365854132e-02
-3.658536585365854132e-02
-3.658536585365854132e-02
-3.658536585365854132e-02
-3.658536585365854132e-02
-3.636363636363636881e-02
-3.636363636363636881e-02
-3.636363636363636881e-02
-3.636363636363636881e-02
-3.636363636363636881e-02
-3.614457831325301740e-02
-3.614457831325301740e-02
-3.614457831325301740e-02
-3.614457831325301740e-02
-3.614457831325301740e-02
-3.592814371257485595e-02
-3.592814371257485595e-02
-3.592814371257485595e-02
-3.592814371257485595e-02
-3.592814371257485595e-02
-3.571428571428571230e-02
-3.571428571428571230e-02
-3.571428571428571230e-02
-3.571428571428571230e-02
-3.571428571428571230e-02
-3.550295857988165771e-02
-3.550295857988165771e-02
-3.550295857988165771e-02
-3.550295857988165771e-02
-3.550295857988165771e-02
-4.705882352941209712e-02
-4.705882352941209712e-02
-4.705882352941209712e-02
-4.705882352941209712e-02
-4.705882352941209712e-02
-4.678362573099448252e-02
-4.678362573099448252e-02
-4.678362573099448252e-02
-4.678362573099448252e-02
-4.678362573099448252e-02
-4.651162790697707661e-02
-4.651162790697707661e-02
-4.651162790697707661e-02
-4.651162790697707661e-02
-4.651162790697707661e-02
-4.624277456647431922e-02
-4.624277456647431922e-02
-4.624277456647431922e-02
-4.624277456647431922e-02
-4.624277456647431922e-02
-4.597701149425319905e-02
-4.597701149425319905e-02
-4.597701149425319905e-02
-4.597701149425319905e-02
-4.597701149425319905e-02
-4.571428571428604037e-02
-4.571428571428604037e-02
-3.428571428571428742e-02
-3.428571428571428742e-02
-3.428571428571428742e-02
-3.409090909090909532e-02
-3.409090909090909532e-02
-3.409090909090909532e-02
-3.409090909090909532e-02
-3.409090909090909532e-02
-3.389830508474576259e-02
-3.389830508474576259e-02
-3.389830508474576259e-02
-3.389830508474576259e-02
-3.389830508474576259e-02
-3.370786516853932491e-02
-3.370786516853932491e-02
-3.370786516853932491e-02
-3.370786516853932491e-02
-3.370786516853932491e-02
-3.351955307262570460e-02
-3.351955307262570460e-02
-4.469273743016696776e-02
-4.469273743016696776e-02
-4.469273743016696776e-02
-4.444444444444381470e-02
-4.444444444444381470e-02
-4.444444444444381470e-02
-4.444444444444381470e-02
-4.444444444444381470e-02
-4.419889502762368305e-02
-4.419889502762368305e-02
-4.419889502762368305e-02
-4.419889502762368305e-02
-4.419889502762368305e-02
-4.395604395604333497e-02
-4.395604395604333497e-02
-4.395604395604333497e-02
-4.395604395604333497e-02
-4.395604395604333497e-02
-4.371584699453490153e-02
-4.371584699453490153e-02
-4.371584699453490153e-02
-4.371584699453490153e-02
-4.371584699453490153e-02
-4.347826086956459862e-02
-4.347826086956459862e-02
-4.347826086956459862e-02
-4.347826086956459862e-02
-4.347826086956459862e-02
-4.324324324324263502e-02
-4.324324324324263502e-02
-4.324324324324263502e-02
-4.324324324324263502e-02
-4.324324324324263502e-02
-4.301075268817143582e-02
-4.301075268817143582e-02
-4.301075268817143582e-02
-4.301075268817143582e-02
-4.301075268817143582e-02
-4.278074866310099811e-02
-4.278074866310099811e-02
-4.278074866310099811e-02
-4.278074866310099811e-02
-4.278074866310099811e-02
-4.255319148936109741e-02
-3.191489361702128102e-02
-3.191489361702128102e-02
-3.191489361702128102e-02
-4.255319148936200641e-02
-4.232804232804263100e-02
-4.232804232804263100e-02
-4.232804232804263100e-02
-4.232804232804263100e-02
-4.232804232804263100e-02
-4.210526315789503427e-02
-4.210526315789503427e-02
-4.210526315789503427e-02
-4.210526315789503427e-02
-4.210526315789503427e-02
-4.188481675392700249e-02
-4.188481675392700249e-02
-4.188481675392700249e-02
-4.188481675392700249e-02
-4.188481675392700249e-02
-4.166666666666696273e-02
-4.166666666666696273e-02
-4.166666666666696273e-02
-4.166666666666696273e-02
-4.166666666666696273e-02
-4.145077720207283878e-02
-4.145077720207283878e-02
-4.145077720207283878e-02
-4.145077720207283878e-02
-4.145077720207283878e-02
-4.123711340206214632e-02
-4.123711340206214632e-02
-4.123711340206214632e-02
-4.123711340206214632e-02
-4.123711340206214632e-02
-4.102564102564131704e-02
-4.102564102564131704e-02
-4.102564102564131704e-02
-4.102564102564131704e-02
-4.102564102564131704e-02
-4.081632653061254001e-02
-4.081632653061254001e-02
-4.081632653061254001e-02
-4.081632653061254001e-02
-4.081632653061254001e-02
-4.060913705583785865e-02
-4.060913705583785865e-02
-4.060913705583785865e-02
-4.060913705583785865e-02
-5.076142131979752975e-02
-5.050505050505108007e-02
-5.050505050505108007e-02
-5.050505050505108007e-02
-5.050505050505108007e-02
-5.050505050505108007e-02
-5.025125628140760664e-02
-5.025125628140760664e-02
-5.025125628140760664e-02
-5.025125628140760664e-02
-5.025125628140760664e-02
-5.000000000000057176e-02
-5.000000000000057176e-02
-4.000000000000028533e-02
-4.000000000000028533e-02
-4.000000000000028533e-02
-3.980099502487590563e-02
-3.980099502487590563e-02
-3.980099502487590563e-02
-3.980099502487590563e-02
-3.980099502487590563e-02
-3.960396039603988894e-02
-3.960396039603988894e-02
-3.960396039603988894e-02
-3.960396039603988894e-02
-3.960396039603988894e-02
-3.940886699507417656e-02
-3.940886699507417656e-02
-3.940886699507417656e-02
-3.940886699507417656e-02
-3.940886699507417656e-02
-3.921568627451008093e-02
-3.921568627451008093e-02
-3.921568627451008093e-02
-3.921568627451008093e-02
-3.921568627451008093e-02
-3.902439024390271655e-02
-3.902439024390271655e-02
-3.902439024390271655e-02
-3.902439024390271655e-02
-3.902439024390271655e-02
-3.883495145631096074e-02
-3.883495145631096074e-02
-3.883495145631096074e-02
-3.883495145631096074e-02
-4.854368932038807816e-02
-4.830917874396108147e-02
-4.830917874396108147e-02
-4.830917874396108147e-02
-4.830917874396108147e-02
-4.830917874396108147e-02
-4.807692307692280204e-02
-4.807692307692280204e-02
-4.807692307692280204e-02
-4.807692307692280204e-02
-4.807692307692280204e-02
-4.784688995215283930e-02
-4.784688995215283930e-02
-4.784688995215283930e-02
-4.784688995215283930e-02
-4.784688995215283930e-02
-4.761904761904734579e-02
-4.761904761904734579e-02
-4.761904761904734579e-02
-4.761904761904734579e-02
-4.761904761904734579e-02
-4.739336492890967867e-02
-4.739336492890967867e-02
-4.739336492890967867e-02
-4.739336492890967867e-02
-4.739336492890967867e-02
-4.716981132075444977e-02
-4.716981132075444977e-02
-3.773584905660324479e-02
-3.773584905660324479e-02
-3.773584905660324479e-02
-3.755868544600885622e-02
-3.755868544600885622e-02
-3.755868544600885622e-02
-3.755868544600885622e-02
-3.755868544600885622e-02
-3.738317757009292780e-02
-3.738317757009292780e-02
-3.738317757009292780e-02
-3.738317757009292780e-02
-3.738317757009292780e-02
-3.720930232558086748e-02
-3.720930232558086748e-02
-3.720930232558086748e-02
-3.720930232558086748e-02
-4.651162790697647986e-02
-4.629629629629603699e-02
-4.629629629629603699e-02
-4.629629629629603699e-02
-4.629629629629603699e-02
-4.629629629629603699e-02
-4.608294930875550532e-02
-4.608294930875550532e-02
-4.608294930875550532e-02
-4.608294930875550532e-02
-4.608294930875550532e-02
-4.587155963302726180e-02
-4.587155963302726180e-02
-4.587155963302726180e-02
-4.587155963302726180e-02
-4.587155963302726180e-02
-4.566210045662075223e-02
-4.566210045662075223e-02
-4.566210045662075223e-02
-4.566210045662075223e-02
-4.566210045662075223e-02
-4.545454545454519907e-02
-4.545454545454519907e-02
-4.545454545454519907e-02
-4.545454545454519907e-02
-4.545454545454519907e-02
-4.524886877828028509e-02
-4.524886877828028509e-02
-4.524886877828028509e-02
-4.524886877828028509e-02
-4.524886877828028509e-02
-4.504504504504479312e-02
-4.504504504504479312e-02
-4.504504504504479312e-02
-4.504504504504479312e-02
-4.504504504504479312e-02
-4.484304932735400789e-02
-4.484304932735400789e-02
-4.484304932735400789e-02
-4.484304932735400789e-02
-4.484304932735400789e-02
-4.464285714285689405e-02
-3.571428571428596904e-02
-3.571428571428596904e-02
-4.464285714285765039e-02
-4.464285714285765039e-02
-4.444444444444495268e-02
-4.444444444444495268e-02
-4.444444444444495268e-02
-4.444444444444495268e-02
-4.444444444444495268e-02
-4.424778761061997495e-02
-4.424778761061997495e-02
-4.424778761061997495e-02
-4.424778761061997495e-02
-4.424778761061997495e-02
-4.405286343612384997e-02
-4.405286343612384997e-02
-4.405286343612384997e-02
-4.405286343612384997e-02
-4.405286343612384997e-02
-4.385964912280751471e-02
-4.385964912280751471e-02
-4.385964912280751471e-02
-4.385964912280751471e-02
-4.385964912280751471e-02
-4.366812227074285541e-02
-4.366812227074285541e-02
-4.366812227074285541e-02
-4.366812227074285541e-02
-4.366812227074285541e-02
-4.347826086956571578e-02
-4.347826086956571578e-02
-4.347826086956571578e-02
-4.347826086956571578e-02
-4.347826086956571578e-02
-4.329004329004378787e-02
-4.329004329004378787e-02
-4.329004329004378787e-02
-4.329004329004378787e-02
-4.329004329004378787e-02
-4.310344827586255756e-02
-4.310344827586255756e-02
-4.310344827586255756e-02
-4.310344827586255756e-02
-4.310344827586255756e-02
-4.291845493562281011e-02
-4.291845493562281011e-02
-5.150214592274678094e-02
-5.150214592274678094e-02
-5.150214592274678094e-02
-5.128205128205128721e-02
-5.128205128205128721e-02
-5.128205128205128721e-02
-5.128205128205128721e-02
-5.128205128205128721e-02
-5.106382978723404686e-02
-5.106382978723404686e-02
-5.106382978723404686e-02
-5.106382978723404686e-02
-4.255319148936146517e-02
-4.237288135593196559e-02
-4.237288135593196559e-02
-4.237288135593196559e-02
-4.237288135593196559e-02
-4.237288135593196559e-02
-4.219409282700398167e-02
-4.219409282700398167e-02
-4.219409282700398167e-02
-4.219409282700398167e-02
-4.219409282700398167e-02
-4.201680672268884309e-02
-4.201680672268884309e-02
-4.201680672268884309e-02
-4.201680672268884309e-02
-4.201680672268884309e-02
-4.184100418410018063e-02
-4.184100418410018063e-02
-4.184100418410018063e-02
-4.184100418410018063e-02
-4.184100418410018063e-02
-4.166666666666643537e-02
-4.166666666666643537e-02
-4.166666666666643537e-02
-4.166666666666643537e-02
-4.166666666666643537e-02
-4.149377593360972782e-02
-4.149377593360972782e-02
-4.149377593360972782e-02
-4.149377593360972782e-02
-4.149377593360972782e-02
-4.958677685950413361e-02
-4.958677685950413361e-02
-4.958677685950413361e-02
-4.958677685950413361e-02
-4.958677685950413361e-02
-4.938271604938272025e-02
-4.938271604938272025e-02
-4.938271604938272025e-02
-4.938271604938272025e-02
-4.938271604938272025e-02
-4.918032786885246505e-02
-4.918032786885246505e-02
-4.918032786885246505e-02
-4.918032786885246505e-02
-4.918032786885246505e-02
-4.897959183673469830e-02
-4.897959183673469830e-02
-4.897959183673469830e-02
-4.897959183673469830e-02
-4.897959183673469830e-02
-4.878048780487805741e-02
-4.878048780487805741e-02
-4.878048780487805741e-02
-4.878048780487805741e-02
-4.878048780487805741e-02
-4.858299595141700455e-02
-4.048582995951394148e-02
-4.048582995951394148e-02
-4.048582995951394148e-02
-4.048582995951394148e-02
-4.032258064516106716e-02
-4.032258064516106716e-02
-4.032258064516106716e-02
-4.032258064516106716e-02
-4.032258064516106716e-02
-4.016064257028089529e-02
-4.016064257028089529e-02
-4.016064257028089529e-02
-4.016064257028089529e-02
-4.016064257028089529e-02
-3.999999999999977879e-02
-3.999999999999977879e-02
-3.999999999999977879e-02
-4.800000000000000100e-02
-4.800000000000000100e-02
-4.780876494023904300e-02
-4.780876494023904300e-02
-4.780876494023904300e-02
-4.780876494023904300e-02
-4.780876494023904300e-02
-4.761904761904761640e-02
-4.761904761904761640e-02
-4.761904761904761640e-02
-4.761904761904761640e-02
-4.761904761904761640e-02
-4.743083003952568849e-02
-4.743083003952568849e-02
-4.743083003952568849e-02
-4.743083003952568849e-02
-4.743083003952568849e-02
-4.724409448818897572e-02
-4.724409448818897572e-02
-4.724409448818897572e-02
-4.724409448818897572e-02
-4.724409448818897572e-02
-4.705882352941176405e-02
-4.705882352941176405e-02
-4.705882352941176405e-02
-4.705882352941176405e-02
-4.705882352941176405e-02
-4.687500000000000000e-02
-4.687500000000000000e-02
-4.687500000000000000e-02
-4.687500000000000000e-02
-4.687500000000000000e-02
-4.669260700389105123e-02
-4.669260700389105123e-02
-4.669260700389105123e-02
-4.669260700389105123e-02
-4.669260700389105123e-02
-4.651162790697674354e-02
-4.651162790697674354e-02
-3.875968992248106371e-02
-3.875968992248106371e-02
-3.875968992248106371e-02
-4.633204633204633660e-02
-4.633204633204633660e-02
-4.633204633204633660e-02
-4.633204633204633660e-02
-4.633204633204633660e-02
-4.615384615384615641e-02
-4.615384615384615641e-02
-4.615384615384615641e-02
-4.615384615384615641e-02
-4.615384615384615641e-02
-4.597701149425287293e-02
-4.597701149425287293e-02
-4.597701149425287293e-02
-4.597701149425287293e-02
-4.597701149425287293e-02
-4.580152671755725186e-02
-4.580152671755725186e-02
-4.580152671755725186e-02
-4.580152671755725186e-02
-4.580152671755725186e-02
-4.562737642585551479e-02
-4.562737642585551479e-02
-4.562737642585551479e-02
-4.562737642585551479e-02
-4.562737642585551479e-02
-4.545454545454545581e-02
-4.545454545454545581e-02
-4.545454545454545581e-02
-4.545454545454545581e-02
-4.545454545454545581e-02
-4.528301886792453212e-02
-4.528301886792453212e-02
-4.528301886792453212e-02
-4.528301886792453212e-02
-4.528301886792453212e-02
-4.511278195488721554e-02
-4.511278195488721554e-02
-4.511278195488721554e-02
-4.511278195488721554e-02
-4.511278195488721554e-02
-4.494382022471910682e-02
-4.494382022471910682e-02
-4.494382022471910682e-02
-5.243445692883916265e-02
-5.243445692883916265e-02
-5.223880597014946697e-02
-5.223880597014946697e-02
-5.223880597014946697e-02
-5.223880597014946697e-02
-5.223880597014946697e-02
-5.204460966542772543e-02
-5.204460966542772543e-02
-5.204460966542772543e-02
-4.460966542750929159e-02
-4.460966542750929159e-02
-4.444444444444444614e-02
-4.444444444444444614e-02
-4.444444444444444614e-02
-4.444444444444444614e-02
-4.444444444444444614e-02
-4.428044280442804820e-02
-4.428044280442804820e-02
-4.428044280442804820e-02
-4.428044280442804820e-02
-4.428044280442804820e-02
-4.411764705882353227e-02
-4.411764705882353227e-02
-4.411764705882353227e-02
-4.411764705882353227e-02
-4.411764705882353227e-02
-4.395604395604395948e-02
-4.395604395604395948e-02
-4.395604395604395948e-02
-4.395604395604395948e-02
-4.395604395604395948e-02
-4.379562043795620641e-02
-4.379562043795620641e-02
-4.379562043795620641e-02
-4.379562043795620641e-02
-4.379562043795620641e-02
-4.363636363636363980e-02
-4.363636363636363980e-02
-4.363636363636363980e-02
-4.363636363636363980e-02
-4.363636363636363980e-02
-5.072463768115962474e-02
-5.072463768115962474e-02
-5.072463768115962474e-02
-5.072463768115962474e-02
-5.072463768115962474e-02
-5.054151624548756938e-02
-5.054151624548756938e-02
-5.054151624548756938e-02
-5.054151624548756938e-02
-5.054151624548756938e-02
-5.035971223021603466e-02
-5.035971223021603466e-02
-5.035971223021603466e-02
-5.035971223021603466e-02
-5.035971223021603466e-02
-5.017921146953426004e-02
-5.017921146953426004e-02
-5.017921146953426004e-02
-5.017921146953426004e-02
-5.017921146953426004e-02
-5.000000000000021094e-02
-5.000000000000021094e-02
-5.000000000000021094e-02
-4.285714285714285754e-02
-4.285714285714285754e-02
-4.270462633451957424e-02
-4.270462633451957424e-02
-4.270462633451957424e-02
-4.270462633451957424e-02
-4.270462633451957424e-02
-4.255319148936170109e-02
-4.255319148936170109e-02
-4.255319148936170109e-02
-4.255319148936170109e-02
-4.255319148936170109e-02
-4.240282685512367783e-02
-4.240282685512367783e-02
-4.240282685512367783e-02
-4.240282685512367783e-02
-4.240282685512367783e-02
-4.225352112676056954e-02
-4.225352112676056954e-02
-4.929577464788692520e-02
-4.929577464788692520e-02
-4.929577464788692520e-02
-4.912280701754345724e-02
-4.912280701754345724e-02
-4.912280701754345724e-02
-4.912280701754345724e-02
-4.912280701754345724e-02
-4.895104895104855636e-02
-4.895104895104855636e-02
-4.895104895104855636e-02
-4.895104895104855636e-02
-4.895104895104855636e-02
-4.878048780487764802e-02
-4.878048780487764802e-02
-4.878048780487764802e-02
-4.878048780487764802e-02
-4.878048780487764802e-02
-4.861111111111071637e-02
-4.861111111111071637e-02
-4.861111111111071637e-02
-4.861111111111071637e-02
-4.861111111111071637e-02
-4.844290657439407483e-02
-4.844290657439407483e-02
-4.844290657439407483e-02
-4.844290657439407483e-02
-4.844290657439407483e-02
-4.827586206896512105e-02
-4.827586206896512105e-02
-4.827586206896512105e-02
-4.827586206896512105e-02
-4.827586206896512105e-02
-4.810996563573844559e-02
-4.810996563573844559e-02
-4.810996563573844559e-02
-4.123711340206185488e-02
-4.123711340206185488e-02
-4.109589041095890183e-02
-4.109589041095890183e-02
-4.109589041095890183e-02
-4.794520547945225336e-02
-4.794520547945225336e-02
-4.778156996587050453e-02
-4.778156996587050453e-02
-4.778156996587050453e-02
-4.778156996587050453e-02
-4.778156996587050453e-02
-4.761904761904781763e-02
-4.761904761904781763e-02
-4.761904761904781763e-02
-4.761904761904781763e-02
-4.761904761904781763e-02
-4.745762711864426331e-02
-4.745762711864426331e-02
-4.745762711864426331e-02
-4.745762711864426331e-02
-4.745762711864426331e-02
-4.729729729729749421e-02
-4.729729729729749421e-02
-4.729729729729749421e-02
-4.729729729729749421e-02
-4.729729729729749421e-02
-4.713804713804733287e-02
-4.713804713804733287e-02
-4.713804713804733287e-02
-4.713804713804733287e-02
-4.713804713804733287e-02
-4.697986577181226947e-02
-4.697986577181226947e-02
-4.697986577181226947e-02
-4.697986577181226947e-02
-4.697986577181226947e-02
-4.682274247491657881e-02
-4.682274247491657881e-02
-4.682274247491657881e-02
-4.682274247491657881e-02
-4.682274247491657881e-02
-4.666666666666686308e-02
-4.666666666666686308e-02
-4.666666666666686308e-02
-4.666666666666686308e-02
-4.666666666666686308e-02
-5.315614617940237624e-02
-5.315614617940237624e-02
-5.315614617940237624e-02
-5.315614617940237624e-02
-5.315614617940237624e-02
-5.298013245033150048e-02
-5.298013245033150048e-02
-4.635761589403993022e-02
-4.635761589403993022e-02
-4.635761589403993022e-02
-4.620462046204639600e-02
-4.620462046204639600e-02
-4.620462046204639600e-02
-4.620462046204639600e-02
-4.620462046204639600e-02
-4.605263157894755321e-02
-4.605263157894755321e-02
-4.605263157894755321e-02
-4.605263157894755321e-02
-4.605263157894755321e-02
-4.590163934426248760e-02
-4.590163934426248760e-02
-4.590163934426248760e-02
-4.590163934426248760e-02
-4.590163934426248760e-02
-4.575163398692829592e-02
-4.575163398692829592e-02
-4.575163398692829592e-02
-4.575163398692829592e-02
-4.575163398692829592e-02
-4.560260586319236920e-02
-4.560260586319236920e-02
-4.560260586319236920e-02
-4.560260586319236920e-02
-4.560260586319236920e-02
-4.545454545454564316e-02
-4.545454545454564316e-02
-4.545454545454564316e-02
-4.545454545454564316e-02
-4.545454545454564316e-02
-4.530744336569597630e-02
-5.177993527508072819e-02
-5.177993527508072819e-02
-5.177993527508072819e-02
-5.177993527508072819e-02
-5.161290322580626422e-02
-5.161290322580626422e-02
-5.161290322580626422e-02
-5.161290322580626422e-02
-5.161290322580626422e-02
-5.144694533762039085e-02
-5.144694533762039085e-02
-5.144694533762039085e-02
-5.144694533762039085e-02
-5.144694533762039085e-02
-5.128205128205109986e-02
-5.128205128205109986e-02
-5.128205128205109986e-02
-5.128205128205109986e-02
-5.128205128205109986e-02
-5.111821086261962577e-02
-4.472843450479196958e-02
-4.472843450479196958e-02
-4.472843450479196958e-02
-4.472843450479196958e-02
-4.458598726114613303e-02
-4.458598726114613303e-02
-4.458598726114613303e-02
-4.458598726114613303e-02
-4.458598726114613303e-02
-4.444444444444408532e-02
-4.444444444444408532e-02
-4.444444444444408532e-02
-4.444444444444408532e-02
-4.444444444444408532e-02
-4.430379746835407667e-02
-4.430379746835407667e-02
-4.430379746835407667e-02
-4.430379746835407667e-02
-4.430379746835407667e-02
-4.416403785488923206e-02
-4.416403785488923206e-02
-5.047318611987364201e-02
-5.047318611987364201e-02
-5.047318611987364201e-02
-5.031446540880486068e-02
-5.031446540880486068e-02
-5.031446540880486068e-02
-5.031446540880486068e-02
-5.031446540880486068e-02
-5.015673981191204334e-02
-5.015673981191204334e-02
-5.015673981191204334e-02
-5.015673981191204334e-02
-5.015673981191204334e-02
-4.999999999999982236e-02
-4.999999999999982236e-02
-4.999999999999982236e-02
-4.999999999999982236e-02
-4.999999999999982236e-02
-4.984423676012443571e-02
-4.984423676012443571e-02
-4.984423676012443571e-02
-4.984423676012443571e-02
-4.984423676012443571e-02
-4.968944099378864998e-02
-4.968944099378864998e-02
-4.968944099378864998e-02
-4.968944099378864998e-02
-4.968944099378864998e-02
-4.953560371517010119e-02
-4.953560371517010119e-02
-4.953560371517010119e-02
-4.334365325077417508e-02
-4.334365325077417508e-02
-4.320987654321005456e-02
-4.320987654321005456e-02
-4.320987654321005456e-02
-4.320987654321005456e-02
-4.320987654321005456e-02
-4.307692307692325556e-02
-4.307692307692325556e-02
-4.307692307692325556e-02
-4.923076923076958461e-02
-4.923076923076958461e-02
-4.907975460122734196e-02
-4.907975460122734196e-02
-4.907975460122734196e-02
-4.907975460122734196e-02
-4.907975460122734196e-02
-4.892966360856303848e-02
-4.892966360856303848e-02
-4.892966360856303848e-02
-4.892966360856303848e-02
-4.892966360856303848e-02
-4.878048780487839742e-02
-4.878048780487839742e-02
-4.878048780487839742e-02
-4.878048780487839742e-02
-4.878048780487839742e-02
-4.863221884498514919e-02
-4.863221884498514919e-02
-4.863221884498514919e-02
-4.863221884498514919e-02
-4.863221884498514919e-02
-4.848484848484883175e-02
-4.848484848484883175e-02
-4.848484848484883175e-02
-4.848484848484883175e-02
-4.848484848484883175e-02
-4.833836858006076986e-02
-4.833836858006076986e-02
-4.833836858006076986e-02
-4.833836858006076986e-02
-4.833836858006076986e-02
-4.819277108433769191e-02
-4.819277108433769191e-02
-4.819277108433769191e-02
-4.819277108433769191e-02
-4.819277108433769191e-02
-4.804804804804839458e-02
-4.804804804804839458e-02
-4.804804804804839458e-02
-4.804804804804839458e-02
-5.405405405405405705e-02
-5.389221556886227699e-02
-5.389221556886227699e-02
-4.790419161676629650e-02
-4.790419161676629650e-02
-4.790419161676629650e-02
-4.776119402985058021e-02
-4.776119402985058021e-02
-4.776119402985058021e-02
-4.776119402985058021e-02
-4.776119402985058021e-02
-4.761904761904744987e-02
-4.761904761904744987e-02
-4.761904761904744987e-02
-4.761904761904744987e-02
-4.761904761904744987e-02
-4.747774480712149692e-02
-4.747774480712149692e-02
-4.747774480712149692e-02
-4.747774480712149692e-02
-4.747774480712149692e-02
-4.733727810650871504e-02
-4.733727810650871504e-02
-4.733727810650871504e-02
-4.733727810650871504e-02
-4.733727810650871504e-02
-4.719764011799394005e-02
-4.719764011799394005e-02
-4.719764011799394005e-02
-4.719764011799394005e-02
-4.719764011799394005e-02
-4.705882352941159752e-02
-4.705882352941159752e-02
-4.705882352941159752e-02
-4.705882352941159752e-02
-4.705882352941159752e-02
-4.692082111436933489e-02
-4.692082111436933489e-02
-4.692082111436933489e-02
-4.692082111436933489e-02
-4.692082111436933489e-02
-5.263157894736841813e-02
-5.263157894736841813e-02
-5.263157894736841813e-02
-5.263157894736841813e-02
-5.263157894736841813e-02
-5.247813411078717377e-02
-5.247813411078717377e-02
-5.247813411078717377e-02
-5.247813411078717377e-02
-5.247813411078717377e-02
-5.232558139534883995e-02
-5.232558139534883995e-02
-5.232558139534883995e-02
-5.232558139534883995e-02
-4.651162790697657701e-02
-4.637681159420273952e-02
-4.637681159420273952e-02
-4.637681159420273952e-02
-4.637681159420273952e-02
-4.637681159420273952e-02
-4.624277456647382656e-02
-4.624277456647382656e-02
-4.624277456647382656e-02
-4.624277456647382656e-02
-4.624277456647382656e-02
-4.610951008645516880e-02
-4.610951008645516880e-02
-4.610951008645516880e-02
-4.610951008645516880e-02
-4.610951008645516880e-02
-4.597701149425271333e-02
-4.597701149425271333e-02
-4.597701149425271333e-02
-4.597701149425271333e-02
-4.597701149425271333e-02
-4.584527220630356392e-02
-4.584527220630356392e-02
-4.584527220630356392e-02
-4.584527220630356392e-02
-4.584527220630356392e-02
-5.142857142857143460e-02
-5.142857142857143460e-02
-5.142857142857143460e-02
-5.142857142857143460e-02
-5.142857142857143460e-02
-5.128205128205128721e-02
-5.128205128205128721e-02
-5.128205128205128721e-02
-5.128205128205128721e-02
-5.128205128205128721e-02
-5.113636363636363258e-02
-5.113636363636363258e-02
-5.113636363636363258e-02
-5.113636363636363258e-02
-5.113636363636363258e-02
-5.099150141643059991e-02
-5.099150141643059991e-02
-5.099150141643059991e-02
-5.099150141643059991e-02
-5.099150141643059991e-02
-5.084745762711864736e-02
-5.084745762711864736e-02
-5.084745762711864736e-02
-5.084745762711864736e-02
-5.084745762711864736e-02
-5.070422535211267095e-02
-5.070422535211267095e-02
-4.507042253521158920e-02
-4.507042253521158920e-02
-4.507042253521158920e-02
-4.494382022471941907e-02
-4.494382022471941907e-02
-4.494382022471941907e-02
-4.494382022471941907e-02
-4.494382022471941907e-02
-4.481792717086866690e-02
-4.481792717086866690e-02
-4.481792717086866690e-02
-4.481792717086866690e-02
-4.481792717086866690e-02
-4.469273743016791839e-02
-5.027932960893854997e-02
-5.027932960893854997e-02
-5.027932960893854997e-02
-5.027932960893854997e-02
-5.013927576601671932e-02
-5.013927576601671932e-02
-5.013927576601671932e-02
-5.013927576601671932e-02
-5.013927576601671932e-02
-5.000000000000000278e-02
-5.000000000000000278e-02
-5.000000000000000278e-02
-5.000000000000000278e-02
-5.000000000000000278e-02
-4.986149584487534897e-02
-4.986149584487534897e-02
-4.986149584487534897e-02
-4.986149584487534897e-02
-4.986149584487534897e-02
-4.972375690607734600e-02
-4.972375690607734600e-02
-4.972375690607734600e-02
-4.972375690607734600e-02
-4.972375690607734600e-02
-4.958677685950413361e-02
-4.958677685950413361e-02
-4.958677685950413361e-02
-4.958677685950413361e-02
-4.958677685950413361e-02
-4.945054945054945528e-02
-4.945054945054945528e-02
-4.945054945054945528e-02
-4.945054945054945528e-02
-4.945054945054945528e-02
-4.931506849315068358e-02
-4.931506849315068358e-02
-4.931506849315068358e-02
-4.383561643835601207e-02
-4.383561643835601207e-02
-4.371584699453536643e-02
-4.918032786885246505e-02
-4.918032786885246505e-02
-4.918032786885246505e-02
-4.918032786885246505e-02
-4.904632152588555422e-02
-4.904632152588555422e-02
-4.904632152588555422e-02
-4.904632152588555422e-02
-4.904632152588555422e-02
-4.891304347826087168e-02
-4.891304347826087168e-02
-4.891304347826087168e-02
-4.891304347826087168e-02
-4.891304347826087168e-02
-4.878048780487805741e-02
-4.878048780487805741e-02
-4.878048780487805741e-02
-4.878048780487805741e-02
-4.878048780487805741e-02
-4.864864864864865135e-02
-4.864864864864865135e-02
-4.864864864864865135e-02
-4.864864864864865135e-02
-4.864864864864865135e-02
-4.851752021563342926e-02
-4.851752021563342926e-02
-4.851752021563342926e-02
-4.851752021563342926e-02
-4.851752021563342926e-02
-4.838709677419354704e-02
-4.838709677419354704e-02
-4.838709677419354704e-02
-4.838709677419354704e-02
-4.838709677419354704e-02
-4.825737265415550037e-02
-4.825737265415550037e-02
-4.825737265415550037e-02
-4.825737265415550037e-02
-4.825737265415550037e-02
-4.812834224598930982e-02
-5.347593582887715663e-02
-5.347593582887715663e-02
-5.347593582887715663e-02
-5.347593582887715663e-02
-5.333333333333348941e-02
-5.333333333333348941e-02
-5.333333333333348941e-02
-5.333333333333348941e-02
-5.333333333333348941e-02
-5.319148936170228076e-02
-4.787234042553191460e-02
-4.787234042553191460e-02
-4.787234042553191460e-02
-4.787234042553191460e-02
-4.774535809018568000e-02
-4.774535809018568000e-02
-4.774535809018568000e-02
-4.774535809018568000e-02
-4.774535809018568000e-02
-4.761904761904761640e-02
-4.761904761904761640e-02
-4.761904761904761640e-02
-4.761904761904761640e-02
-4.761904761904761640e-02
-4.749340369393140193e-02
-4.749340369393140193e-02
-4.749340369393140193e-02
-4.749340369393140193e-02
-4.749340369393140193e-02
-4.736842105263158048e-02
-4.736842105263158048e-02
-4.736842105263158048e-02
-4.736842105263158048e-02
-4.736842105263158048e-02
-4.724409448818897572e-02
-4.724409448818897572e-02
-4.724409448818897572e-02
-4.724409448818897572e-02
-4.724409448818897572e-02
-4.712041884816754039e-02
-5.235602094240807830e-02
-5.235602094240807830e-02
-5.235602094240807830e-02
-5.235602094240807830e-02
-5.221932114882477105e-02
-5.221932114882477105e-02
-5.221932114882477105e-02
-5.221932114882477105e-02
-5.221932114882477105e-02
-5.208333333333303727e-02
-5.208333333333303727e-02
-5.208333333333303727e-02
-5.208333333333303727e-02
-5.208333333333303727e-02
-5.194805194805166004e-02
-5.194805194805166004e-02
-5.194805194805166004e-02
-5.194805194805166004e-02
-5.194805194805166004e-02
-5.181347150259038581e-02
-5.181347150259038581e-02
-4.663212435233160535e-02
-4.663212435233160535e-02
-4.663212435233160535e-02
-4.651162790697674354e-02
-4.651162790697674354e-02
-4.651162790697674354e-02
-4.651162790697674354e-02
-4.651162790697674354e-02
-4.639175257731958935e-02
-4.639175257731958935e-02
-4.639175257731958935e-02
-4.639175257731958935e-02
-4.639175257731958935e-02
-4.627249357326478074e-02
-4.627249357326478074e-02
-4.627249357326478074e-02
-4.627249357326478074e-02
-4.627249357326478074e-02
-4.615384615384615641e-02
-5.128205128205143293e-02
-5.128205128205143293e-02
-5.128205128205143293e-02
-5.128205128205143293e-02
-5.115089514066511328e-02
-5.115089514066511328e-02
-5.115089514066511328e-02
-5.115089514066511328e-02
-5.115089514066511328e-02
-5.102040816326544603e-02
-5.102040816326544603e-02
-5.102040816326544603e-02
-5.102040816326544603e-02
-5.102040816326544603e-02
-5.089058524173042247e-02
-5.089058524173042247e-02
-5.089058524173042247e-02
-5.089058524173042247e-02
-5.089058524173042247e-02
-5.076142131979709954e-02
-5.076142131979709954e-02
-5.076142131979709954e-02
-5.076142131979709954e-02
-5.076142131979709954e-02
-5.063291139240520822e-02
-5.063291139240520822e-02
-5.063291139240520822e-02
-5.063291139240520822e-02
-5.063291139240520822e-02
-5.050505050505064986e-02
-5.050505050505064986e-02
-5.050505050505064986e-02
-4.545454545454545581e-02
-4.545454545454545581e-02
-4.534005037783375713e-02
-4.534005037783375713e-02
-4.534005037783375713e-02
-4.534005037783375713e-02
-4.534005037783375713e-02
-4.522613065326633319e-02
-5.025125628140717643e-02
-5.025125628140717643e-02
-5.025125628140717643e-02
-5.025125628140717643e-02
-5.012531328320816298e-02
-5.012531328320816298e-02
-5.012531328320816298e-02
-5.012531328320816298e-02
-5.012531328320816298e-02
-5.000000000000014849e-02
-5.000000000000014849e-02
-5.000000000000014849e-02
-5.000000000000014849e-02
-5.000000000000014849e-02
-4.987531172069839536e-02
-4.987531172069839536e-02
-4.987531172069839536e-02
-4.987531172069839536e-02
-4.987531172069839536e-02
-4.975124378109466866e-02
-4.975124378109466866e-02
-4.975124378109466866e-02
-4.975124378109466866e-02
-4.975124378109466866e-02
-4.962779156327558339e-02
-4.962779156327558339e-02
-4.962779156327558339e-02
-4.962779156327558339e-02
-4.962779156327558339e-02
-4.950495049504964606e-02
-4.950495049504964606e-02
-4.950495049504964606e-02
-4.950495049504964606e-02
-4.950495049504964606e-02
-4.938271604938285902e-02
-4.938271604938285902e-02
-4.938271604938285902e-02
-4.938271604938285902e-02
-4.938271604938285902e-02
-4.926108374384250560e-02
-5.418719211822646542e-02
-5.418719211822646542e-02
-5.418719211822646542e-02
-4.926108374384208927e-02
-4.914004914004885954e-02
-4.914004914004885954e-02
-4.914004914004885954e-02
-4.914004914004885954e-02
-4.914004914004885954e-02
-4.901960784313697667e-02
-4.901960784313697667e-02
-4.901960784313697667e-02
-4.901960784313697667e-02
-4.901960784313697667e-02
-4.889975550122221959e-02
-4.889975550122221959e-02
-4.889975550122221959e-02
-4.889975550122221959e-02
-4.889975550122221959e-02
-4.878048780487777292e-02
-4.878048780487777292e-02
-4.878048780487777292e-02
-4.878048780487777292e-02
-4.878048780487777292e-02
-4.866180048661773033e-02
-4.866180048661773033e-02
-4.866180048661773033e-02
-4.866180048661773033e-02
-4.866180048661773033e-02
-4.854368932038807816e-02
-4.854368932038807816e-02
-4.854368932038807816e-02
-4.854368932038807816e-02
-4.854368932038807816e-02
-4.842615012106510353e-02
-4.842615012106510353e-02
-4.842615012106510353e-02
-4.842615012106510353e-02
-4.842615012106510353e-02
-4.830917874396108147e-02
-5.314009661835734921e-02
-5.314009661835734921e-02
-5.314009661835734921e-02
-5.314009661835734921e-02
-5.301204819277094415e-02
-5.301204819277094415e-02
-5.301204819277094415e-02
-5.301204819277094415e-02
-5.301204819277094415e-02
-5.288461538461525224e-02
-5.288461538461525224e-02
-5.288461538461525224e-02
-5.288461538461525224e-02
-5.288461538461525224e-02
-5.275779376498787587e-02
-4.796163069544378404e-02
-4.796163069544378404e-02
-4.796163069544378404e-02
-4.796163069544378404e-02
-4.784688995215324175e-02
-4.784688995215324175e-02
-4.784688995215324175e-02
-4.784688995215324175e-02
-4.784688995215324175e-02
-4.773269689737483917e-02
-4.773269689737483917e-02
-4.773269689737483917e-02
-4.773269689737483917e-02
-4.773269689737483917e-02
-4.761904761904775518e-02
-4.761904761904775518e-02
-4.761904761904775518e-02
-4.761904761904775518e-02
-4.761904761904775518e-02
-4.750593824228041551e-02
-4.750593824228041551e-02
-4.750593824228041551e-02
-4.750593824228041551e-02
-4.750593824228041551e-02
-4.739336492891008806e-02
-5.213270142180122246e-02
-5.213270142180122246e-02
-5.213270142180122246e-02
-5.213270142180122246e-02
-5.200945626477569000e-02
-5.200945626477569000e-02
-5.200945626477569000e-02
-5.200945626477569000e-02
-5.200945626477569000e-02
-5.188679245283046165e-02
-5.188679245283046165e-02
-5.188679245283046165e-02
-5.188679245283046165e-02
-5.188679245283046165e-02
-5.176470588235321246e-02
-5.176470588235321246e-02
-5.176470588235321246e-02
-5.176470588235321246e-02
-5.176470588235321246e-02
-5.164319248826317738e-02
-5.164319248826317738e-02
-5.164319248826317738e-02
-5.164319248826317738e-02
-5.164319248826317738e-02
-5.152224824355998434e-02
-5.152224824355998434e-02
-4.683840749414533433e-02
-4.683840749414533433e-02
-4.683840749414533433e-02
-4.672897196261695946e-02
-4.672897196261695946e-02
-4.672897196261695946e-02
-4.672897196261695946e-02
-4.672897196261695946e-02
-4.662004662004675531e-02
-4.662004662004675531e-02
-4.662004662004675531e-02
-4.662004662004675531e-02
-4.662004662004675531e-02
-5.116279069767428606e-02
-5.116279069767428606e-02
-5.116279069767428606e-02
-5.116279069767428606e-02
-5.116279069767428606e-02
-5.104408352668200061e-02
-5.104408352668200061e-02
-5.104408352668200061e-02
-5.104408352668200061e-02
-5.104408352668200061e-02
-5.092592592592579820e-02
-5.092592592592579820e-02
-5.092592592592579820e-02
-5.092592592592579820e-02
-5.092592592592579820e-02
-5.080831408775968866e-02
-5.080831408775968866e-02
-5.080831408775968866e-02
-5.080831408775968866e-02
-5.080831408775968866e-02
-5.069124423963120712e-02
-5.069124423963120712e-02
-5.069124423963120712e-02
-5.069124423963120712e-02
-5.069124423963120712e-02
-5.057471264367803532e-02
-5.057471264367803532e-02
-5.057471264367803532e-02
-5.057471264367803532e-02
-5.057471264367803532e-02
-5.045871559633014619e-02
-5.045871559633014619e-02
-5.045871559633014619e-02
-5.045871559633014619e-02
-5.045871559633014619e-02
-5.034324942791749274e-02
-5.034324942791749274e-02
-4.576659038901575993e-02
-4.576659038901575993e-02
-4.576659038901575993e-02
-5.022831050228297733e-02
-5.022831050228297733e-02
-5.022831050228297733e-02
-5.022831050228297733e-02
-5.022831050228297733e-02
-5.011389521640078476e-02
-5.011389521640078476e-02
-5.011389521640078476e-02
-5.011389521640078476e-02
-5.011389521640078476e-02
-4.999999999999987788e-02
-4.999999999999987788e-02
-4.999999999999987788e-02
-4.999999999999987788e-02
-4.999999999999987788e-02
-4.988662131519262105e-02
-4.988662131519262105e-02
-4.988662131519262105e-02
-4.988662131519262105e-02
-4.988662131519262105e-02
-4.977375565610847596e-02
-4.977375565610847596e-02
-4.977375565610847596e-02
-4.977375565610847596e-02
-4.977375565610847596e-02
-4.966139954853261013e-02
-4.966139954853261013e-02
-4.966139954853261013e-02
-4.966139954853261013e-02
-4.966139954853261013e-02
-4.954954954954942509e-02
-4.954954954954942509e-02
-4.954954954954942509e-02
-4.954954954954942509e-02
-4.954954954954942509e-02
-4.943820224719088635e-02
-4.943820224719088635e-02
-4.943820224719088635e-02
-4.943820224719088635e-02
-5.393258426966292957e-02
-5.381165919282511478e-02
-5.381165919282511478e-02
-5.381165919282511478e-02
-5.381165919282511478e-02
-5.381165919282511478e-02
-5.369127516778523374e-02
-5.369127516778523374e-02
-5.369127516778523374e-02
-4.921700223713672273e-02
-4.921700223713672273e-02
-4.910714285714311289e-02
-4.910714285714311289e-02
-4.910714285714311289e-02
-4.910714285714311289e-02
-4.910714285714311289e-02
-4.899777282850804883e-02
-4.899777282850804883e-02
-4.899777282850804883e-02
-4.899777282850804883e-02
-4.899777282850804883e-02
-4.888888888888914819e-02
-4.888888888888914819e-02
-4.888888888888914819e-02
-4.888888888888914819e-02
-4.888888888888914819e-02
-4.878048780487830721e-02
-4.878048780487830721e-02
-4.878048780487830721e-02
-4.878048780487830721e-02
-4.878048780487830721e-02
-4.867256637168166505e-02
-4.867256637168166505e-02
-4.867256637168166505e-02
-4.867256637168166505e-02
-4.867256637168166505e-02
-4.856512141280378697e-02
-4.856512141280378697e-02
-4.856512141280378697e-02
-4.856512141280378697e-02
-5.298013245033112578e-02
-5.286343612334802600e-02
-5.286343612334802600e-02
-5.286343612334802600e-02
-5.286343612334802600e-02
-5.286343612334802600e-02
-5.274725274725274721e-02
-5.274725274725274721e-02
-5.274725274725274721e-02
-5.274725274725274721e-02
-5.274725274725274721e-02
-5.263157894736841813e-02
-5.263157894736841813e-02
-5.263157894736841813e-02
-5.263157894736841813e-02
-5.263157894736841813e-02
-5.251641137855579677e-02
-5.251641137855579677e-02
-5.251641137855579677e-02
-4.814004376367603255e-02
-4.814004376367603255e-02
-4.803493449781646996e-02
-4.803493449781646996e-02
-4.803493449781646996e-02
-4.803493449781646996e-02
-4.803493449781646996e-02
-4.793028322440074512e-02
-4.793028322440074512e-02
-4.793028322440074512e-02
-4.793028322440074512e-02
-4.793028322440074512e-02
-4.782608695652161568e-02
-4.782608695652161568e-02
-4.782608695652161568e-02
-4.782608695652161568e-02
-4.782608695652161568e-02
-4.772234273318860104e-02
-4.772234273318860104e-02
-4.772234273318860104e-02
-5.206073752711497249e-02
-5.206073752711497249e-02
-5.194805194805195148e-02
-5.194805194805195148e-02
-5.194805194805195148e-02
-5.194805194805195148e-02
-5.194805194805195148e-02
-5.183585313174946668e-02
-5.183585313174946668e-02
-5.183585313174946668e-02
-5.183585313174946668e-02
-5.183585313174946668e-02
-5.172413793103448204e-02
-5.172413793103448204e-02
-5.172413793103448204e-02
-5.172413793103448204e-02
-5.172413793103448204e-02
-5.161290322580645157e-02
-5.161290322580645157e-02
-5.161290322580645157e-02
-5.161290322580645157e-02
-5.161290322580645157e-02
-5.150214592274678094e-02
-5.150214592274678094e-02
-5.150214592274678094e-02
-5.150214592274678094e-02
-5.150214592274678094e-02
-5.139186295503212626e-02
-5.139186295503212626e-02
-5.139186295503212626e-02
-4.710920770877932012e-02
-4.710920770877932012e-02
-4.700854700854689011e-02
-4.700854700854689011e-02
-4.700854700854689011e-02
-4.700854700854689011e-02
-4.700854700854689011e-02
-4.690831556503186062e-02
-4.690831556503186062e-02
-4.690831556503186062e-02
-5.117270788912579860e-02
-5.117270788912579860e-02
-5.106382978723404686e-02
-5.106382978723404686e-02
-5.106382978723404686e-02
-5.106382978723404686e-02
-5.106382978723404686e-02
-5.095541401273885607e-02
-5.095541401273885607e-02
-5.095541401273885607e-02
-5.095541401273885607e-02
-5.095541401273885607e-02
-5.084745762711864736e-02
-5.084745762711864736e-02
-5.084745762711864736e-02
-5.084745762711864736e-02
-5.084745762711864736e-02
-5.073995771670190835e-02
-5.073995771670190835e-02
-5.073995771670190835e-02
-5.073995771670190835e-02
-5.073995771670190835e-02
-5.063291139240506250e-02
-5.063291139240506250e-02
-5.063291139240506250e-02
-5.063291139240506250e-02
-5.063291139240506250e-02
-5.052631578947368307e-02
-5.052631578947368307e-02
-5.052631578947368307e-02
-5.052631578947368307e-02
-5.052631578947368307e-02
-5.042016806722689204e-02
-5.042016806722689204e-02
-5.042016806722689204e-02
-5.042016806722689204e-02
-5.042016806722689204e-02
-5.031446540880503415e-02
-5.031446540880503415e-02
-5.450733752620520733e-02
-5.031446540880503415e-02
-5.031446540880503415e-02
-5.020920502092050125e-02
-5.020920502092050125e-02
-5.020920502092050125e-02
-5.020920502092050125e-02
-5.020920502092050125e-02
-5.010438413361168603e-02
-5.010438413361168603e-02
-5.010438413361168603e-02
-5.010438413361168603e-02
-5.010438413361168603e-02
