1.750000000000000000e+00
1.830000000000000071e+00
1.919999999999999929e+00
2.000000000000000000e+00
2.080000000000000071e+00
2.169999999999999929e+00
2.250000000000000000e+00
2.330000000000000071e+00
2.419999999999999929e+00
2.500000000000000000e+00
2.580000000000000071e+00
2.669999999999999929e+00
2.750000000000000000e+00
2.830000000000000071e+00
2.919999999999999929e+00
3.000000000000000000e+00
3.080000000000000071e+00
3.169999999999999929e+00
3.250000000000000000e+00
3.330000000000000071e+00
3.419999999999999929e+00
3.500000000000000000e+00
3.580000000000000071e+00
3.669999999999999929e+00
3.750000000000000000e+00
3.830000000000000071e+00
3.919999999999999929e+00
4.000000000000000000e+00
4.080000000000000071e+00
4.169999999999999929e+00
4.250000000000000000e+00
4.330000000000000071e+00
4.419999999999999929e+00
4.500000000000000000e+00
4.580000000000000071e+00
4.669999999999999929e+00
4.750000000000000000e+00
4.830000000000000071e+00
4.919999999999999929e+00
5.000000000000000000e+00
5.080000000000000071e+00
5.169999999999999929e+00
5.250000000000000000e+00
5.330000000000000071e+00
5.419999999999999929e+00
5.500000000000000000e+00
5.580000000000000071e+00
5.669999999999999929e+00
5.750000000000000000e+00
5.830000000000000071e+00
5.919999999999999929e+00
6.000000000000000000e+00
6.080000000000000071e+00
6.169999999999999929e+00
6.250000000000000000e+00
6.330000000000000071e+00
6.419999999999999929e+00
6.500000000000000000e+00
6.580000000000000071e+00
6.669999999999999929e+00
6.750000000000000000e+00
6.830000000000000071e+00
6.919999999999999929e+00
7.000000000000000000e+00
7.080000000000000071e+00
7.169999999999999929e+00
7.250000000000000000e+00
7.330000000000000071e+00
7.419999999999999929e+00
7.500000000000000000e+00
7.580000000000000071e+00
7.669999999999999929e+00
7.750000000000000000e+00
7.830000000000000071e+00
7.919999999999999929e+00
8.000000000000000000e+00
8.080000000000000071e+00
8.169999999999999929e+00
8.250000000000000000e+00
8.330000000000000071e+00
8.419999999999999929e+00
8.500000000000000000e+00
8.580000000000000071e+00
8.669999999999999929e+00
8.750000000000000000e+00
8.830000000000000071e+00
8.919999999999999929e+00
9.000000000000000000e+00
9.080000000000000071e+00
9.169999999999999929e+00
9.250000000000000000e+00
9.330000000000000071e+00
9.419999999999999929e+00
9.500000000000000000e+00
9.580000000000000071e+00
9.669999999999999929e+00
9.750000000000000000e+00
9.830000000000000071e+00
9.919999999999999929e+00
1.000000000000000000e+01
1.008000000000000007e+01
1.016999999999999993e+01
1.025000000000000000e+01
1.033000000000000007e+01
1.041999999999999993e+01
1.050000000000000000e+01
1.058000000000000007e+01
1.066999999999999993e+01
1.075000000000000000e+01
1.083000000000000007e+01
1.091999999999999993e+01
1.100000000000000000e+01
1.108000000000000007e+01
1.116999999999999993e+01
1.125000000000000000e+01
1.133000000000000007e+01
1.141999999999999993e+01
1.150000000000000000e+01
1.158000000000000007e+01
1.166999999999999993e+01
1.175000000000000000e+01
1.183000000000000007e+01
1.191999999999999993e+01
1.200000000000000000e+01
1.208000000000000007e+01
1.216999999999999993e+01
1.225000000000000000e+01
1.233000000000000007e+01
1.241999999999999993e+01
1.250000000000000000e+01
1.258000000000000007e+01
1.266999999999999993e+01
1.275000000000000000e+01
1.283000000000000007e+01
1.291999999999999993e+01
1.300000000000000000e+01
1.308000000000000007e+01
1.316999999999999993e+01
1.325000000000000000e+01
1.333000000000000007e+01
1.341999999999999993e+01
1.350000000000000000e+01
1.358000000000000007e+01
1.366999999999999993e+01
1.375000000000000000e+01
1.383000000000000007e+01
1.391999999999999993e+01
1.400000000000000000e+01
1.408000000000000007e+01
1.416999999999999993e+01
1.425000000000000000e+01
1.433000000000000007e+01
1.441999999999999993e+01
1.450000000000000000e+01
1.458000000000000007e+01
1.466999999999999993e+01
1.475000000000000000e+01
1.483000000000000007e+01
1.491999999999999993e+01
1.500000000000000000e+01
1.508000000000000007e+01
1.516999999999999993e+01
1.525000000000000000e+01
1.533000000000000007e+01
1.541999999999999993e+01
1.550000000000000000e+01
1.558000000000000007e+01
1.566999999999999993e+01
1.575000000000000000e+01
1.583000000000000007e+01
1.591999999999999993e+01
1.600000000000000000e+01
1.607999999999999829e+01
1.617000000000000171e+01
1.625000000000000000e+01
1.632999999999999829e+01
1.642000000000000171e+01
1.650000000000000000e+01
1.657999999999999829e+01
1.667000000000000171e+01
1.675000000000000000e+01
1.682999999999999829e+01
1.692000000000000171e+01
1.700000000000000000e+01
1.707999999999999829e+01
1.717000000000000171e+01
1.725000000000000000e+01
1.732999999999999829e+01
1.742000000000000171e+01
1.750000000000000000e+01
1.757999999999999829e+01
1.767000000000000171e+01
1.775000000000000000e+01
1.782999999999999829e+01
1.792000000000000171e+01
1.800000000000000000e+01
1.807999999999999829e+01
1.817000000000000171e+01
1.825000000000000000e+01
1.832999999999999829e+01
1.842000000000000171e+01
1.850000000000000000e+01
1.857999999999999829e+01
1.867000000000000171e+01
1.875000000000000000e+01
1.882999999999999829e+01
1.892000000000000171e+01
1.900000000000000000e+01
1.907999999999999829e+01
1.917000000000000171e+01
1.925000000000000000e+01
1.932999999999999829e+01
1.942000000000000171e+01
1.950000000000000000e+01
1.957999999999999829e+01
1.967000000000000171e+01
1.975000000000000000e+01
1.982999999999999829e+01
1.992000000000000171e+01
2.000000000000000000e+01
2.007999999999999829e+01
2.017000000000000171e+01
2.025000000000000000e+01
2.032999999999999829e+01
2.042000000000000171e+01
2.050000000000000000e+01
2.057999999999999829e+01
2.067000000000000171e+01
2.075000000000000000e+01
2.082999999999999829e+01
2.092000000000000171e+01
2.100000000000000000e+01
2.107999999999999829e+01
2.117000000000000171e+01
2.125000000000000000e+01
2.132999999999999829e+01
2.142000000000000171e+01
2.150000000000000000e+01
2.157999999999999829e+01
2.167000000000000171e+01
2.175000000000000000e+01
2.182999999999999829e+01
2.192000000000000171e+01
2.200000000000000000e+01
2.207999999999999829e+01
2.217000000000000171e+01
2.225000000000000000e+01
2.232999999999999829e+01
2.242000000000000171e+01
2.250000000000000000e+01
2.257999999999999829e+01
2.267000000000000171e+01
2.275000000000000000e+01
2.282999999999999829e+01
2.292000000000000171e+01
2.300000000000000000e+01
2.307999999999999829e+01
2.317000000000000171e+01
2.325000000000000000e+01
2.332999999999999829e+01
2.342000000000000171e+01
2.350000000000000000e+01
2.357999999999999829e+01
2.367000000000000171e+01
2.375000000000000000e+01
2.382999999999999829e+01
2.392000000000000171e+01
2.400000000000000000e+01
2.407999999999999829e+01
2.417000000000000171e+01
2.425000000000000000e+01
2.432999999999999829e+01
2.442000000000000171e+01
2.450000000000000000e+01
2.457999999999999829e+01
2.467000000000000171e+01
2.475000000000000000e+01
2.482999999999999829e+01
2.492000000000000171e+01
2.500000000000000000e+01
2.507999999999999829e+01
2.517000000000000171e+01
2.525000000000000000e+01
2.532999999999999829e+01
2.542000000000000171e+01
2.550000000000000000e+01
2.557999999999999829e+01
2.567000000000000171e+01
2.575000000000000000e+01
2.582999999999999829e+01
2.592000000000000171e+01
2.600000000000000000e+01
2.607999999999999829e+01
2.617000000000000171e+01
2.625000000000000000e+01
2.632999999999999829e+01
2.642000000000000171e+01
2.650000000000000000e+01
2.657999999999999829e+01
2.667000000000000171e+01
2.675000000000000000e+01
2.682999999999999829e+01
2.692000000000000171e+01
2.700000000000000000e+01
2.707999999999999829e+01
2.717000000000000171e+01
2.725000000000000000e+01
2.732999999999999829e+01
2.742000000000000171e+01
2.750000000000000000e+01
2.757999999999999829e+01
2.767000000000000171e+01
2.775000000000000000e+01
2.782999999999999829e+01
2.792000000000000171e+01
2.800000000000000000e+01
2.807999999999999829e+01
2.817000000000000171e+01
2.825000000000000000e+01
2.832999999999999829e+01
2.842000000000000171e+01
2.850000000000000000e+01
2.857999999999999829e+01
2.867000000000000171e+01
2.875000000000000000e+01
2.882999999999999829e+01
2.892000000000000171e+01
2.900000000000000000e+01
2.907999999999999829e+01
2.917000000000000171e+01
2.925000000000000000e+01
2.932999999999999829e+01
2.942000000000000171e+01
2.950000000000000000e+01
2.957999999999999829e+01
2.967000000000000171e+01
2.975000000000000000e+01
2.982999999999999829e+01
2.992000000000000171e+01
3.000000000000000000e+01
3.007999999999999829e+01
3.017000000000000171e+01
3.025000000000000000e+01
3.032999999999999829e+01
3.042000000000000171e+01
3.050000000000000000e+01
3.057999999999999829e+01
3.067000000000000171e+01
3.075000000000000000e+01
3.082999999999999829e+01
3.092000000000000171e+01
3.100000000000000000e+01
3.107999999999999829e+01
3.117000000000000171e+01
3.125000000000000000e+01
3.132999999999999829e+01
3.142000000000000171e+01
3.150000000000000000e+01
3.157999999999999829e+01
3.167000000000000171e+01
3.175000000000000000e+01
3.182999999999999829e+01
3.192000000000000171e+01
3.200000000000000000e+01
3.207999999999999829e+01
3.217000000000000171e+01
3.225000000000000000e+01
3.232999999999999829e+01
3.242000000000000171e+01
3.250000000000000000e+01
3.257999999999999829e+01
3.267000000000000171e+01
3.275000000000000000e+01
3.282999999999999829e+01
3.292000000000000171e+01
3.300000000000000000e+01
3.307999999999999829e+01
3.317000000000000171e+01
3.325000000000000000e+01
3.332999999999999829e+01
3.342000000000000171e+01
3.350000000000000000e+01
3.357999999999999829e+01
3.367000000000000171e+01
3.375000000000000000e+01
3.382999999999999829e+01
3.392000000000000171e+01
3.400000000000000000e+01
3.407999999999999829e+01
3.417000000000000171e+01
3.425000000000000000e+01
3.432999999999999829e+01
3.442000000000000171e+01
3.450000000000000000e+01
3.457999999999999829e+01
3.467000000000000171e+01
3.475000000000000000e+01
3.482999999999999829e+01
3.492000000000000171e+01
3.500000000000000000e+01
3.507999999999999829e+01
3.517000000000000171e+01
3.525000000000000000e+01
3.532999999999999829e+01
3.542000000000000171e+01
3.550000000000000000e+01
3.557999999999999829e+01
3.567000000000000171e+01
3.575000000000000000e+01
3.582999999999999829e+01
3.592000000000000171e+01
3.600000000000000000e+01
3.607999999999999829e+01
3.617000000000000171e+01
3.625000000000000000e+01
3.632999999999999829e+01
3.642000000000000171e+01
3.650000000000000000e+01
3.657999999999999829e+01
3.667000000000000171e+01
3.675000000000000000e+01
3.682999999999999829e+01
3.692000000000000171e+01
3.700000000000000000e+01
3.707999999999999829e+01
3.717000000000000171e+01
3.725000000000000000e+01
3.732999999999999829e+01
3.742000000000000171e+01
3.750000000000000000e+01
3.757999999999999829e+01
3.767000000000000171e+01
3.775000000000000000e+01
3.782999999999999829e+01
3.792000000000000171e+01
3.800000000000000000e+01
3.807999999999999829e+01
3.817000000000000171e+01
3.825000000000000000e+01
3.832999999999999829e+01
3.842000000000000171e+01
3.850000000000000000e+01
3.857999999999999829e+01
3.867000000000000171e+01
3.875000000000000000e+01
3.882999999999999829e+01
3.892000000000000171e+01
3.900000000000000000e+01
3.907999999999999829e+01
3.917000000000000171e+01
3.925000000000000000e+01
3.932999999999999829e+01
3.942000000000000171e+01
3.950000000000000000e+01
3.957999999999999829e+01
3.967000000000000171e+01
3.975000000000000000e+01
3.982999999999999829e+01
3.992000000000000171e+01
4.000000000000000000e+01
4.007999999999999829e+01
4.017000000000000171e+01
4.025000000000000000e+01
4.032999999999999829e+01
4.042000000000000171e+01
4.050000000000000000e+01
4.057999999999999829e+01
4.067000000000000171e+01
4.075000000000000000e+01
4.082999999999999829e+01
4.092000000000000171e+01
4.100000000000000000e+01
4.107999999999999829e+01
4.117000000000000171e+01
4.125000000000000000e+01
4.132999999999999829e+01
4.142000000000000171e+01
4.150000000000000000e+01
4.157999999999999829e+01
4.167000000000000171e+01
4.175000000000000000e+01
4.182999999999999829e+01
4.192000000000000171e+01
4.200000000000000000e+01
4.207999999999999829e+01
4.217000000000000171e+01
4.225000000000000000e+01
4.232999999999999829e+01
4.242000000000000171e+01
4.250000000000000000e+01
4.257999999999999829e+01
4.267000000000000171e+01
4.275000000000000000e+01
4.282999999999999829e+01
4.292000000000000171e+01
4.300000000000000000e+01
4.307999999999999829e+01
4.317000000000000171e+01
4.325000000000000000e+01
4.332999999999999829e+01
4.342000000000000171e+01
4.350000000000000000e+01
4.357999999999999829e+01
4.367000000000000171e+01
4.375000000000000000e+01
4.382999999999999829e+01
4.392000000000000171e+01
4.400000000000000000e+01
4.407999999999999829e+01
4.417000000000000171e+01
4.425000000000000000e+01
4.432999999999999829e+01
4.442000000000000171e+01
4.450000000000000000e+01
4.457999999999999829e+01
4.467000000000000171e+01
4.475000000000000000e+01
4.482999999999999829e+01
4.492000000000000171e+01
4.500000000000000000e+01
4.507999999999999829e+01
4.517000000000000171e+01
4.525000000000000000e+01
4.532999999999999829e+01
4.542000000000000171e+01
4.550000000000000000e+01
4.557999999999999829e+01
4.567000000000000171e+01
4.575000000000000000e+01
4.582999999999999829e+01
4.592000000000000171e+01
4.600000000000000000e+01
4.607999999999999829e+01
4.617000000000000171e+01
4.625000000000000000e+01
4.632999999999999829e+01
4.642000000000000171e+01
4.650000000000000000e+01
4.657999999999999829e+01
4.667000000000000171e+01
4.675000000000000000e+01
4.682999999999999829e+01
4.692000000000000171e+01
4.700000000000000000e+01
4.707999999999999829e+01
4.717000000000000171e+01
4.725000000000000000e+01
4.732999999999999829e+01
4.742000000000000171e+01
4.750000000000000000e+01
4.757999999999999829e+01
4.767000000000000171e+01
4.775000000000000000e+01
4.782999999999999829e+01
4.792000000000000171e+01
4.800000000000000000e+01
4.807999999999999829e+01
4.817000000000000171e+01
4.825000000000000000e+01
4.832999999999999829e+01
4.842000000000000171e+01
4.850000000000000000e+01
4.857999999999999829e+01
4.867000000000000171e+01
4.875000000000000000e+01
4.882999999999999829e+01
4.892000000000000171e+01
4.900000000000000000e+01
4.907999999999999829e+01
4.917000000000000171e+01
4.925000000000000000e+01
4.932999999999999829e+01
4.942000000000000171e+01
4.950000000000000000e+01
4.957999999999999829e+01
4.967000000000000171e+01
4.975000000000000000e+01
4.982999999999999829e+01
4.992000000000000171e+01
5.000000000000000000e+01
5.007999999999999829e+01
5.017000000000000171e+01
5.025000000000000000e+01
5.032999999999999829e+01
5.042000000000000171e+01
5.050000000000000000e+01
5.057999999999999829e+01
5.067000000000000171e+01
5.075000000000000000e+01
5.082999999999999829e+01
5.092000000000000171e+01
5.100000000000000000e+01
5.107999999999999829e+01
5.117000000000000171e+01
5.125000000000000000e+01
5.132999999999999829e+01
5.142000000000000171e+01
5.150000000000000000e+01
5.157999999999999829e+01
5.167000000000000171e+01
5.175000000000000000e+01
5.182999999999999829e+01
5.192000000000000171e+01
5.200000000000000000e+01
5.207999999999999829e+01
5.217000000000000171e+01
5.225000000000000000e+01
5.232999999999999829e+01
5.242000000000000171e+01
5.250000000000000000e+01
5.257999999999999829e+01
5.267000000000000171e+01
5.275000000000000000e+01
5.282999999999999829e+01
5.292000000000000171e+01
5.300000000000000000e+01
5.307999999999999829e+01
5.317000000000000171e+01
5.325000000000000000e+01
5.332999999999999829e+01
5.342000000000000171e+01
5.350000000000000000e+01
5.357999999999999829e+01
5.367000000000000171e+01
5.375000000000000000e+01
5.382999999999999829e+01
5.392000000000000171e+01
5.400000000000000000e+01
5.407999999999999829e+01
5.417000000000000171e+01
5.425000000000000000e+01
5.432999999999999829e+01
5.442000000000000171e+01
5.450000000000000000e+01
5.457999999999999829e+01
5.467000000000000171e+01
5.475000000000000000e+01
5.482999999999999829e+01
5.492000000000000171e+01
5.500000000000000000e+01
5.507999999999999829e+01
5.517000000000000171e+01
5.525000000000000000e+01
5.532999999999999829e+01
5.542000000000000171e+01
5.550000000000000000e+01
5.557999999999999829e+01
5.567000000000000171e+01
5.575000000000000000e+01
5.582999999999999829e+01
5.592000000000000171e+01
5.600000000000000000e+01
5.607999999999999829e+01
5.617000000000000171e+01
5.625000000000000000e+01
5.632999999999999829e+01
5.642000000000000171e+01
5.650000000000000000e+01
5.657999999999999829e+01
5.667000000000000171e+01
5.675000000000000000e+01
5.682999999999999829e+01
5.692000000000000171e+01
5.700000000000000000e+01
5.707999999999999829e+01
5.717000000000000171e+01
5.725000000000000000e+01
5.732999999999999829e+01
5.742000000000000171e+01
5.750000000000000000e+01
5.757999999999999829e+01
5.767000000000000171e+01
5.775000000000000000e+01
5.782999999999999829e+01
5.792000000000000171e+01
5.800000000000000000e+01
5.807999999999999829e+01
5.817000000000000171e+01
5.825000000000000000e+01
5.832999999999999829e+01
5.842000000000000171e+01
5.850000000000000000e+01
5.857999999999999829e+01
5.867000000000000171e+01
5.875000000000000000e+01
5.882999999999999829e+01
5.892000000000000171e+01
5.900000000000000000e+01
5.907999999999999829e+01
5.917000000000000171e+01
5.925000000000000000e+01
5.932999999999999829e+01
5.942000000000000171e+01
5.950000000000000000e+01
5.957999999999999829e+01
5.967000000000000171e+01
5.975000000000000000e+01
5.982999999999999829e+01
5.992000000000000171e+01
6.000000000000000000e+01
6.007999999999999829e+01
6.017000000000000171e+01
6.025000000000000000e+01
6.032999999999999829e+01
6.042000000000000171e+01
6.050000000000000000e+01
6.057999999999999829e+01
6.067000000000000171e+01
6.075000000000000000e+01
6.082999999999999829e+01
6.092000000000000171e+01
6.100000000000000000e+01
6.107999999999999829e+01
6.117000000000000171e+01
6.125000000000000000e+01
6.132999999999999829e+01
6.142000000000000171e+01
6.150000000000000000e+01
6.157999999999999829e+01
6.167000000000000171e+01
6.175000000000000000e+01
6.182999999999999829e+01
6.192000000000000171e+01
6.200000000000000000e+01
6.207999999999999829e+01
6.217000000000000171e+01
6.225000000000000000e+01
6.232999999999999829e+01
6.242000000000000171e+01
6.250000000000000000e+01
6.257999999999999829e+01
6.267000000000000171e+01
6.275000000000000000e+01
6.282999999999999829e+01
6.292000000000000171e+01
6.300000000000000000e+01
6.307999999999999829e+01
6.317000000000000171e+01
6.325000000000000000e+01
6.332999999999999829e+01
6.342000000000000171e+01
6.350000000000000000e+01
6.357999999999999829e+01
6.367000000000000171e+01
6.375000000000000000e+01
6.382999999999999829e+01
6.392000000000000171e+01
6.400000000000000000e+01
6.407999999999999829e+01
6.417000000000000171e+01
6.425000000000000000e+01
6.432999999999999829e+01
6.442000000000000171e+01
6.450000000000000000e+01
6.457999999999999829e+01
6.467000000000000171e+01
6.475000000000000000e+01
6.482999999999999829e+01
6.492000000000000171e+01
6.500000000000000000e+01
6.507999999999999829e+01
6.517000000000000171e+01
6.525000000000000000e+01
6.532999999999999829e+01
6.542000000000000171e+01
6.550000000000000000e+01
6.557999999999999829e+01
6.567000000000000171e+01
6.575000000000000000e+01
6.582999999999999829e+01
6.592000000000000171e+01
6.600000000000000000e+01
6.607999999999999829e+01
6.617000000000000171e+01
6.625000000000000000e+01
6.632999999999999829e+01
6.642000000000000171e+01
6.650000000000000000e+01
6.657999999999999829e+01
6.667000000000000171e+01
6.675000000000000000e+01
6.682999999999999829e+01
6.692000000000000171e+01
6.700000000000000000e+01
6.707999999999999829e+01
6.717000000000000171e+01
6.725000000000000000e+01
6.732999999999999829e+01
6.742000000000000171e+01
6.750000000000000000e+01
6.757999999999999829e+01
6.767000000000000171e+01
6.775000000000000000e+01
6.782999999999999829e+01
6.792000000000000171e+01
6.800000000000000000e+01
6.807999999999999829e+01
6.817000000000000171e+01
6.825000000000000000e+01
6.832999999999999829e+01
6.842000000000000171e+01
6.850000000000000000e+01
6.857999999999999829e+01
6.867000000000000171e+01
6.875000000000000000e+01
6.882999999999999829e+01
6.892000000000000171e+01
6.900000000000000000e+01
6.907999999999999829e+01
6.917000000000000171e+01
6.925000000000000000e+01
6.932999999999999829e+01
6.942000000000000171e+01
6.950000000000000000e+01
6.957999999999999829e+01
6.967000000000000171e+01
6.975000000000000000e+01
6.982999999999999829e+01
6.992000000000000171e+01
7.000000000000000000e+01
7.007999999999999829e+01
7.017000000000000171e+01
7.025000000000000000e+01
7.032999999999999829e+01
7.042000000000000171e+01
7.050000000000000000e+01
7.057999999999999829e+01
7.067000000000000171e+01
7.075000000000000000e+01
7.082999999999999829e+01
7.092000000000000171e+01
7.100000000000000000e+01
7.107999999999999829e+01
7.117000000000000171e+01
7.125000000000000000e+01
7.132999999999999829e+01
7.142000000000000171e+01
7.150000000000000000e+01
7.157999999999999829e+01
7.167000000000000171e+01
7.175000000000000000e+01
7.182999999999999829e+01
7.192000000000000171e+01
7.200000000000000000e+01
7.207999999999999829e+01
7.217000000000000171e+01
7.225000000000000000e+01
7.232999999999999829e+01
7.242000000000000171e+01
7.250000000000000000e+01
7.257999999999999829e+01
7.267000000000000171e+01
7.275000000000000000e+01
7.282999999999999829e+01
7.292000000000000171e+01
7.300000000000000000e+01
7.307999999999999829e+01
7.317000000000000171e+01
7.325000000000000000e+01
7.332999999999999829e+01
7.342000000000000171e+01
7.350000000000000000e+01
7.357999999999999829e+01
7.367000000000000171e+01
7.375000000000000000e+01
7.382999999999999829e+01
7.392000000000000171e+01
7.400000000000000000e+01
7.407999999999999829e+01
7.417000000000000171e+01
7.425000000000000000e+01
7.432999999999999829e+01
7.442000000000000171e+01
7.450000000000000000e+01
7.457999999999999829e+01
7.467000000000000171e+01
7.475000000000000000e+01
7.482999999999999829e+01
7.492000000000000171e+01
7.500000000000000000e+01
7.507999999999999829e+01
7.517000000000000171e+01
7.525000000000000000e+01
7.532999999999999829e+01
7.542000000000000171e+01
7.550000000000000000e+01
7.557999999999999829e+01
7.567000000000000171e+01
7.575000000000000000e+01
7.582999999999999829e+01
7.592000000000000171e+01
7.600000000000000000e+01
7.607999999999999829e+01
7.617000000000000171e+01
7.625000000000000000e+01
7.632999999999999829e+01
7.642000000000000171e+01
7.650000000000000000e+01
7.657999999999999829e+01
7.667000000000000171e+01
7.675000000000000000e+01
7.682999999999999829e+01
7.692000000000000171e+01
7.700000000000000000e+01
7.707999999999999829e+01
7.717000000000000171e+01
7.725000000000000000e+01
7.732999999999999829e+01
7.742000000000000171e+01
7.750000000000000000e+01
7.757999999999999829e+01
7.767000000000000171e+01
7.775000000000000000e+01
7.782999999999999829e+01
7.792000000000000171e+01
7.800000000000000000e+01
7.807999999999999829e+01
7.817000000000000171e+01
7.825000000000000000e+01
7.832999999999999829e+01
7.842000000000000171e+01
7.850000000000000000e+01
7.857999999999999829e+01
7.867000000000000171e+01
7.875000000000000000e+01
7.882999999999999829e+01
7.892000000000000171e+01
7.900000000000000000e+01
7.907999999999999829e+01
7.917000000000000171e+01
7.925000000000000000e+01
7.932999999999999829e+01
7.942000000000000171e+01
7.950000000000000000e+01
7.957999999999999829e+01
7.967000000000000171e+01
7.975000000000000000e+01
7.982999999999999829e+01
7.992000000000000171e+01
8.000000000000000000e+01
8.007999999999999829e+01
8.017000000000000171e+01
8.025000000000000000e+01
8.032999999999999829e+01
8.042000000000000171e+01
8.050000000000000000e+01
8.057999999999999829e+01
8.067000000000000171e+01
8.075000000000000000e+01
8.082999999999999829e+01
8.092000000000000171e+01
8.100000000000000000e+01
8.107999999999999829e+01
8.117000000000000171e+01
8.125000000000000000e+01
8.132999999999999829e+01
8.142000000000000171e+01
8.150000000000000000e+01
8.157999999999999829e+01
8.167000000000000171e+01
8.175000000000000000e+01
8.182999999999999829e+01
8.192000000000000171e+01
8.200000000000000000e+01
8.207999999999999829e+01
8.217000000000000171e+01
8.225000000000000000e+01
8.232999999999999829e+01
8.242000000000000171e+01
8.250000000000000000e+01
8.257999999999999829e+01
8.267000000000000171e+01
8.275000000000000000e+01
8.282999999999999829e+01
8.292000000000000171e+01
8.300000000000000000e+01
8.307999999999999829e+01
8.317000000000000171e+01
8.325000000000000000e+01
8.332999999999999829e+01
8.342000000000000171e+01
8.350000000000000000e+01
8.357999999999999829e+01
8.367000000000000171e+01
8.375000000000000000e+01
8.382999999999999829e+01
8.392000000000000171e+01
8.400000000000000000e+01
8.407999999999999829e+01
8.417000000000000171e+01
8.425000000000000000e+01
8.432999999999999829e+01
8.442000000000000171e+01
8.450000000000000000e+01
8.457999999999999829e+01
8.467000000000000171e+01
8.475000000000000000e+01
8.482999999999999829e+01
8.492000000000000171e+01
8.500000000000000000e+01
8.507999999999999829e+01
8.517000000000000171e+01
8.525000000000000000e+01
8.532999999999999829e+01
8.542000000000000171e+01
8.550000000000000000e+01
8.557999999999999829e+01
8.567000000000000171e+01
8.575000000000000000e+01
8.582999999999999829e+01
8.592000000000000171e+01
8.600000000000000000e+01
8.607999999999999829e+01
8.617000000000000171e+01
8.625000000000000000e+01
8.632999999999999829e+01
8.642000000000000171e+01
8.650000000000000000e+01
8.657999999999999829e+01
8.667000000000000171e+01
8.675000000000000000e+01
8.682999999999999829e+01
8.692000000000000171e+01
8.700000000000000000e+01
8.707999999999999829e+01
8.717000000000000171e+01
8.725000000000000000e+01
8.732999999999999829e+01
8.742000000000000171e+01
8.750000000000000000e+01
8.757999999999999829e+01
8.767000000000000171e+01
8.775000000000000000e+01
8.782999999999999829e+01
8.792000000000000171e+01
8.800000000000000000e+01
8.807999999999999829e+01
8.817000000000000171e+01
8.825000000000000000e+01
8.832999999999999829e+01
8.842000000000000171e+01
8.850000000000000000e+01
8.857999999999999829e+01
8.867000000000000171e+01
8.875000000000000000e+01
8.882999999999999829e+01
8.892000000000000171e+01
8.900000000000000000e+01
8.907999999999999829e+01
8.917000000000000171e+01
8.925000000000000000e+01
8.932999999999999829e+01
8.942000000000000171e+01
8.950000000000000000e+01
8.957999999999999829e+01
8.967000000000000171e+01
8.975000000000000000e+01
8.982999999999999829e+01
8.992000000000000171e+01
9.000000000000000000e+01
9.007999999999999829e+01
9.017000000000000171e+01
9.025000000000000000e+01
9.032999999999999829e+01
9.042000000000000171e+01
9.050000000000000000e+01
9.057999999999999829e+01
9.067000000000000171e+01
9.075000000000000000e+01
9.082999999999999829e+01
9.092000000000000171e+01
9.100000000000000000e+01
9.107999999999999829e+01
9.117000000000000171e+01
9.125000000000000000e+01
9.132999999999999829e+01
9.142000000000000171e+01
9.150000000000000000e+01
9.157999999999999829e+01
9.167000000000000171e+01
9.175000000000000000e+01
9.182999999999999829e+01
9.192000000000000171e+01
9.200000000000000000e+01
9.207999999999999829e+01
9.217000000000000171e+01
9.225000000000000000e+01
9.232999999999999829e+01
9.242000000000000171e+01
9.250000000000000000e+01
9.257999999999999829e+01
9.267000000000000171e+01
9.275000000000000000e+01
9.282999999999999829e+01
9.292000000000000171e+01
9.300000000000000000e+01
9.307999999999999829e+01
9.317000000000000171e+01
9.325000000000000000e+01
9.332999999999999829e+01
9.342000000000000171e+01
9.350000000000000000e+01
9.357999999999999829e+01
9.367000000000000171e+01
9.375000000000000000e+01
9.382999999999999829e+01
9.392000000000000171e+01
9.400000000000000000e+01
9.407999999999999829e+01
9.417000000000000171e+01
9.425000000000000000e+01
9.432999999999999829e+01
9.442000000000000171e+01
9.450000000000000000e+01
9.457999999999999829e+01
9.467000000000000171e+01
9.475000000000000000e+01
9.482999999999999829e+01
9.492000000000000171e+01
9.500000000000000000e+01
9.507999999999999829e+01
9.517000000000000171e+01
9.525000000000000000e+01
9.532999999999999829e+01
9.542000000000000171e+01
9.550000000000000000e+01
9.557999999999999829e+01
9.567000000000000171e+01
9.575000000000000000e+01
9.582999999999999829e+01
9.592000000000000171e+01
9.600000000000000000e+01
9.607999999999999829e+01
9.617000000000000171e+01
9.625000000000000000e+01
9.632999999999999829e+01
9.642000000000000171e+01
9.650000000000000000e+01
9.657999999999999829e+01
9.667000000000000171e+01
9.675000000000000000e+01
9.682999999999999829e+01
9.692000000000000171e+01
9.700000000000000000e+01
9.707999999999999829e+01
9.717000000000000171e+01
9.725000000000000000e+01
9.732999999999999829e+01
9.742000000000000171e+01
9.750000000000000000e+01
9.757999999999999829e+01
9.767000000000000171e+01
9.775000000000000000e+01
9.782999999999999829e+01
9.792000000000000171e+01
9.800000000000000000e+01
9.807999999999999829e+01
9.817000000000000171e+01
9.825000000000000000e+01
9.832999999999999829e+01
9.842000000000000171e+01
9.850000000000000000e+01
9.857999999999999829e+01
9.867000000000000171e+01
9.875000000000000000e+01
9.882999999999999829e+01
9.892000000000000171e+01
9.900000000000000000e+01
9.907999999999999829e+01
9.917000000000000171e+01
9.925000000000000000e+01
9.932999999999999829e+01
9.942000000000000171e+01
9.950000000000000000e+01
9.957999999999999829e+01
9.967000000000000171e+01
9.975000000000000000e+01
9.982999999999999829e+01
9.992000000000000171e+01
1.000000000000000000e+02
1.000799999999999983e+02
1.001700000000000017e+02
1.002500000000000000e+02
1.003299999999999983e+02
1.004200000000000017e+02
1.005000000000000000e+02
1.005799999999999983e+02
1.006700000000000017e+02
1.007500000000000000e+02
1.008299999999999983e+02
1.009200000000000017e+02
1.010000000000000000e+02
1.010799999999999983e+02
1.011700000000000017e+02
1.012500000000000000e+02
1.013299999999999983e+02
1.014200000000000017e+02
1.015000000000000000e+02
1.015799999999999983e+02
1.016700000000000017e+02
1.017500000000000000e+02
1.018299999999999983e+02
1.019200000000000017e+02
1.020000000000000000e+02
1.020799999999999983e+02
1.021700000000000017e+02
1.022500000000000000e+02
1.023299999999999983e+02
1.024200000000000017e+02
1.025000000000000000e+02
1.025799999999999983e+02
1.026700000000000017e+02
1.027500000000000000e+02
1.028299999999999983e+02
1.029200000000000017e+02
1.030000000000000000e+02
1.030799999999999983e+02
1.031700000000000017e+02
1.032500000000000000e+02
1.033299999999999983e+02
1.034200000000000017e+02
1.035000000000000000e+02
1.035799999999999983e+02
1.036700000000000017e+02
1.037500000000000000e+02
1.038299999999999983e+02
1.039200000000000017e+02
1.040000000000000000e+02
1.040799999999999983e+02
1.041700000000000017e+02
1.042500000000000000e+02
1.043299999999999983e+02
1.044200000000000017e+02
1.045000000000000000e+02
1.045799999999999983e+02
1.046700000000000017e+02
1.047500000000000000e+02
1.048299999999999983e+02
1.049200000000000017e+02
1.050000000000000000e+02
1.050799999999999983e+02
1.051700000000000017e+02
1.052500000000000000e+02
1.053299999999999983e+02
1.054200000000000017e+02
1.055000000000000000e+02
1.055799999999999983e+02
1.056700000000000017e+02
1.057500000000000000e+02
1.058299999999999983e+02
1.059200000000000017e+02
1.060000000000000000e+02
1.060799999999999983e+02
1.061700000000000017e+02
1.062500000000000000e+02
1.063299999999999983e+02
1.064200000000000017e+02
1.065000000000000000e+02
1.065799999999999983e+02
1.066700000000000017e+02
1.067500000000000000e+02
1.068299999999999983e+02
1.069200000000000017e+02
1.070000000000000000e+02
1.070799999999999983e+02
1.071700000000000017e+02
1.072500000000000000e+02
1.073299999999999983e+02
1.074200000000000017e+02
1.075000000000000000e+02
1.075799999999999983e+02
1.076700000000000017e+02
1.077500000000000000e+02
1.078299999999999983e+02
1.079200000000000017e+02
1.080000000000000000e+02
1.080799999999999983e+02
1.081700000000000017e+02
1.082500000000000000e+02
1.083299999999999983e+02
1.084200000000000017e+02
1.085000000000000000e+02
1.085799999999999983e+02
1.086700000000000017e+02
1.087500000000000000e+02
1.088299999999999983e+02
1.089200000000000017e+02
1.090000000000000000e+02
1.090799999999999983e+02
1.091700000000000017e+02
1.092500000000000000e+02
1.093299999999999983e+02
1.094200000000000017e+02
1.095000000000000000e+02
1.095799999999999983e+02
1.096700000000000017e+02
1.097500000000000000e+02
1.098299999999999983e+02
1.099200000000000017e+02
1.100000000000000000e+02
1.100799999999999983e+02
1.101700000000000017e+02
1.102500000000000000e+02
1.103299999999999983e+02
1.104200000000000017e+02
1.105000000000000000e+02
1.105799999999999983e+02
1.106700000000000017e+02
1.107500000000000000e+02
1.108299999999999983e+02
1.109200000000000017e+02
1.110000000000000000e+02
1.110799999999999983e+02
1.111700000000000017e+02
1.112500000000000000e+02
1.113299999999999983e+02
1.114200000000000017e+02
1.115000000000000000e+02
1.115799999999999983e+02
1.116700000000000017e+02
1.117500000000000000e+02
1.118299999999999983e+02
1.119200000000000017e+02
1.120000000000000000e+02
1.120799999999999983e+02
1.121700000000000017e+02
1.122500000000000000e+02
1.123299999999999983e+02
1.124200000000000017e+02
1.125000000000000000e+02
1.125799999999999983e+02
1.126700000000000017e+02
1.127500000000000000e+02
1.128299999999999983e+02
1.129200000000000017e+02
1.130000000000000000e+02
1.130799999999999983e+02
1.131700000000000017e+02
1.132500000000000000e+02
1.133299999999999983e+02
1.134200000000000017e+02
1.135000000000000000e+02
1.135799999999999983e+02
1.136700000000000017e+02
1.137500000000000000e+02
1.138299999999999983e+02
1.139200000000000017e+02
1.140000000000000000e+02
1.140799999999999983e+02
1.141700000000000017e+02
1.142500000000000000e+02
1.143299999999999983e+02
1.144200000000000017e+02
1.145000000000000000e+02
1.145799999999999983e+02
1.146700000000000017e+02
1.147500000000000000e+02
1.148299999999999983e+02
1.149200000000000017e+02
1.150000000000000000e+02
1.150799999999999983e+02
1.151700000000000017e+02
1.152500000000000000e+02
1.153299999999999983e+02
1.154200000000000017e+02
1.155000000000000000e+02
1.155799999999999983e+02
1.156700000000000017e+02
1.157500000000000000e+02
1.158299999999999983e+02
1.159200000000000017e+02
1.160000000000000000e+02
1.160799999999999983e+02
1.161700000000000017e+02
1.162500000000000000e+02
1.163299999999999983e+02
1.164200000000000017e+02
1.165000000000000000e+02
1.165799999999999983e+02
1.166700000000000017e+02
1.167500000000000000e+02
1.168299999999999983e+02
1.169200000000000017e+02
1.170000000000000000e+02
1.170799999999999983e+02
1.171700000000000017e+02
1.172500000000000000e+02
1.173299999999999983e+02
1.174200000000000017e+02
1.175000000000000000e+02
1.175799999999999983e+02
1.176700000000000017e+02
1.177500000000000000e+02
1.178299999999999983e+02
1.179200000000000017e+02
1.180000000000000000e+02
1.180799999999999983e+02
1.181700000000000017e+02
1.182500000000000000e+02
1.183299999999999983e+02
1.184200000000000017e+02
1.185000000000000000e+02
1.185799999999999983e+02
1.186700000000000017e+02
1.187500000000000000e+02
1.188299999999999983e+02
1.189200000000000017e+02
1.190000000000000000e+02
1.190799999999999983e+02
1.191700000000000017e+02
1.192500000000000000e+02
1.193299999999999983e+02
1.194200000000000017e+02
1.195000000000000000e+02
1.195799999999999983e+02
1.196700000000000017e+02
1.197500000000000000e+02
1.198299999999999983e+02
1.199200000000000017e+02
1.200000000000000000e+02
1.200799999999999983e+02
1.201700000000000017e+02
1.202500000000000000e+02
1.203299999999999983e+02
1.204200000000000017e+02
1.205000000000000000e+02
1.205799999999999983e+02
1.206700000000000017e+02
1.207500000000000000e+02
1.208299999999999983e+02
1.209200000000000017e+02
1.210000000000000000e+02
1.210799999999999983e+02
1.211700000000000017e+02
1.212500000000000000e+02
1.213299999999999983e+02
1.214200000000000017e+02
1.215000000000000000e+02
1.215799999999999983e+02
1.216700000000000017e+02
1.217500000000000000e+02
1.218299999999999983e+02
1.219200000000000017e+02
1.220000000000000000e+02
1.220799999999999983e+02
1.221700000000000017e+02
1.222500000000000000e+02
1.223299999999999983e+02
1.224200000000000017e+02
1.225000000000000000e+02
1.225799999999999983e+02
1.226700000000000017e+02
1.227500000000000000e+02
1.228299999999999983e+02
1.229200000000000017e+02
1.230000000000000000e+02
1.230799999999999983e+02
1.231700000000000017e+02
1.232500000000000000e+02
1.233299999999999983e+02
1.234200000000000017e+02
1.235000000000000000e+02
1.235799999999999983e+02
1.236700000000000017e+02
1.237500000000000000e+02
1.238299999999999983e+02
1.239200000000000017e+02
1.240000000000000000e+02
1.240799999999999983e+02
1.241700000000000017e+02
1.242500000000000000e+02
1.243299999999999983e+02
1.244200000000000017e+02
1.245000000000000000e+02
1.245799999999999983e+02
1.246700000000000017e+02
1.247500000000000000e+02
1.248299999999999983e+02
1.249200000000000017e+02
1.250000000000000000e+02
1.250799999999999983e+02
1.251700000000000017e+02
1.252500000000000000e+02
1.253299999999999983e+02
1.254200000000000017e+02
1.255000000000000000e+02
1.255799999999999983e+02
1.256700000000000017e+02
1.257500000000000000e+02
1.258299999999999983e+02
1.259200000000000017e+02
1.260000000000000000e+02
1.260799999999999983e+02
1.261700000000000017e+02
1.262500000000000000e+02
1.263299999999999983e+02
1.264200000000000017e+02
1.265000000000000000e+02
1.265799999999999983e+02
1.266700000000000017e+02
1.267500000000000000e+02
1.268299999999999983e+02
1.269200000000000017e+02
1.270000000000000000e+02
1.270799999999999983e+02
1.271700000000000017e+02
1.272500000000000000e+02
1.273299999999999983e+02
1.274200000000000017e+02
1.275000000000000000e+02
1.275799999999999983e+02
1.276700000000000017e+02
1.277500000000000000e+02
1.278299999999999983e+02
1.279200000000000017e+02
1.280000000000000000e+02
1.280800000000000125e+02
1.281699999999999875e+02
1.282500000000000000e+02
1.283300000000000125e+02
1.284199999999999875e+02
1.285000000000000000e+02
1.285800000000000125e+02
1.286699999999999875e+02
1.287500000000000000e+02
1.288300000000000125e+02
1.289199999999999875e+02
1.290000000000000000e+02
1.290800000000000125e+02
1.291699999999999875e+02
1.292500000000000000e+02
1.293300000000000125e+02
1.294199999999999875e+02
1.295000000000000000e+02
1.295800000000000125e+02
1.296699999999999875e+02
1.297500000000000000e+02
1.298300000000000125e+02
1.299199999999999875e+02
1.300000000000000000e+02
1.300800000000000125e+02
1.301699999999999875e+02
1.302500000000000000e+02
1.303300000000000125e+02
1.304199999999999875e+02
1.305000000000000000e+02
1.305800000000000125e+02
1.306699999999999875e+02
1.307500000000000000e+02
1.308300000000000125e+02
1.309199999999999875e+02
1.310000000000000000e+02
1.310800000000000125e+02
1.311699999999999875e+02
1.312500000000000000e+02
1.313300000000000125e+02
1.314199999999999875e+02
1.315000000000000000e+02
1.315800000000000125e+02
1.316699999999999875e+02
1.317500000000000000e+02
1.318300000000000125e+02
1.319199999999999875e+02
1.320000000000000000e+02
1.320800000000000125e+02
1.321699999999999875e+02
1.322500000000000000e+02
1.323300000000000125e+02
1.324199999999999875e+02
1.325000000000000000e+02
1.325800000000000125e+02
1.326699999999999875e+02
1.327500000000000000e+02
1.328300000000000125e+02
1.329199999999999875e+02
1.330000000000000000e+02
1.330800000000000125e+02
1.331699999999999875e+02
1.332500000000000000e+02
1.333300000000000125e+02
1.334199999999999875e+02
1.335000000000000000e+02
1.335800000000000125e+02
1.336699999999999875e+02
1.337500000000000000e+02
1.338300000000000125e+02
1.339199999999999875e+02
1.340000000000000000e+02
1.340800000000000125e+02
1.341699999999999875e+02
1.342500000000000000e+02
1.343300000000000125e+02
1.344199999999999875e+02
1.345000000000000000e+02
1.345800000000000125e+02
1.346699999999999875e+02
1.347500000000000000e+02
1.348300000000000125e+02
1.349199999999999875e+02
1.350000000000000000e+02
1.350800000000000125e+02
1.351699999999999875e+02
1.352500000000000000e+02
1.353300000000000125e+02
1.354199999999999875e+02
1.355000000000000000e+02
1.355800000000000125e+02
1.356699999999999875e+02
1.357500000000000000e+02
1.358300000000000125e+02
1.359199999999999875e+02
1.360000000000000000e+02
1.360800000000000125e+02
1.361699999999999875e+02
1.362500000000000000e+02
1.363300000000000125e+02
1.364199999999999875e+02
1.365000000000000000e+02
1.365800000000000125e+02
1.366699999999999875e+02
1.367500000000000000e+02
1.368300000000000125e+02
1.369199999999999875e+02
1.370000000000000000e+02
1.370800000000000125e+02
1.371699999999999875e+02
1.372500000000000000e+02
1.373300000000000125e+02
1.374199999999999875e+02
1.375000000000000000e+02
1.375800000000000125e+02
1.376699999999999875e+02
1.377500000000000000e+02
1.378300000000000125e+02
1.379199999999999875e+02
1.380000000000000000e+02
1.380800000000000125e+02
1.381699999999999875e+02
1.382500000000000000e+02
1.383300000000000125e+02
1.384199999999999875e+02
1.385000000000000000e+02
1.385800000000000125e+02
1.386699999999999875e+02
1.387500000000000000e+02
1.388300000000000125e+02
1.389199999999999875e+02
1.390000000000000000e+02
1.390800000000000125e+02
1.391699999999999875e+02
1.392500000000000000e+02
1.393300000000000125e+02
1.394199999999999875e+02
1.395000000000000000e+02
1.395800000000000125e+02
1.396699999999999875e+02
1.397500000000000000e+02
1.398300000000000125e+02
1.399199999999999875e+02
1.400000000000000000e+02
1.400800000000000125e+02
1.401699999999999875e+02
1.402500000000000000e+02
1.403300000000000125e+02
1.404199999999999875e+02
1.405000000000000000e+02
1.405800000000000125e+02
1.406699999999999875e+02
1.407500000000000000e+02
1.408300000000000125e+02
1.409199999999999875e+02
1.410000000000000000e+02
1.410800000000000125e+02
1.411699999999999875e+02
1.412500000000000000e+02
1.413300000000000125e+02
1.414199999999999875e+02
1.415000000000000000e+02
1.415800000000000125e+02
1.416699999999999875e+02
1.417500000000000000e+02
1.418300000000000125e+02
1.419199999999999875e+02
1.420000000000000000e+02
1.420800000000000125e+02
1.421699999999999875e+02
1.422500000000000000e+02
1.423300000000000125e+02
1.424199999999999875e+02
1.425000000000000000e+02
1.425800000000000125e+02
1.426699999999999875e+02
1.427500000000000000e+02
1.428300000000000125e+02
1.429199999999999875e+02
1.430000000000000000e+02
1.430800000000000125e+02
1.431699999999999875e+02
1.432500000000000000e+02
1.433300000000000125e+02
1.434199999999999875e+02
1.435000000000000000e+02
1.435800000000000125e+02
1.436699999999999875e+02
1.437500000000000000e+02
1.438300000000000125e+02
1.439199999999999875e+02
1.440000000000000000e+02
1.440800000000000125e+02
1.441699999999999875e+02
1.442500000000000000e+02
1.443300000000000125e+02
1.444199999999999875e+02
1.445000000000000000e+02
1.445800000000000125e+02
1.446699999999999875e+02
1.447500000000000000e+02
1.448300000000000125e+02
1.449199999999999875e+02
1.450000000000000000e+02
1.450800000000000125e+02
1.451699999999999875e+02
1.452500000000000000e+02
1.453300000000000125e+02
1.454199999999999875e+02
1.455000000000000000e+02
1.455800000000000125e+02
1.456699999999999875e+02
1.457500000000000000e+02
1.458300000000000125e+02
1.459199999999999875e+02
1.460000000000000000e+02
1.460800000000000125e+02
1.461699999999999875e+02
1.462500000000000000e+02
1.463300000000000125e+02
1.464199999999999875e+02
1.465000000000000000e+02
1.465800000000000125e+02
1.466699999999999875e+02
1.467500000000000000e+02
1.468300000000000125e+02
1.469199999999999875e+02
1.470000000000000000e+02
1.470800000000000125e+02
1.471699999999999875e+02
1.472500000000000000e+02
1.473300000000000125e+02
1.474199999999999875e+02
1.475000000000000000e+02
1.475800000000000125e+02
1.476699999999999875e+02
1.477500000000000000e+02
1.478300000000000125e+02
1.479199999999999875e+02
1.480000000000000000e+02
1.480800000000000125e+02
1.481699999999999875e+02
1.482500000000000000e+02
1.483300000000000125e+02
1.484199999999999875e+02
1.485000000000000000e+02
1.485800000000000125e+02
1.486699999999999875e+02
1.487500000000000000e+02
1.488300000000000125e+02
1.489199999999999875e+02
1.490000000000000000e+02
1.490800000000000125e+02
1.491699999999999875e+02
1.492500000000000000e+02
1.493300000000000125e+02
1.494199999999999875e+02
1.495000000000000000e+02
1.495800000000000125e+02
1.496699999999999875e+02
1.497500000000000000e+02
1.498300000000000125e+02
1.499199999999999875e+02
1.500000000000000000e+02
1.500800000000000125e+02
1.501699999999999875e+02
1.502500000000000000e+02
1.503300000000000125e+02
1.504199999999999875e+02
1.505000000000000000e+02
1.505800000000000125e+02
1.506699999999999875e+02
1.507500000000000000e+02
1.508300000000000125e+02
1.509199999999999875e+02
1.510000000000000000e+02
1.510800000000000125e+02
1.511699999999999875e+02
1.512500000000000000e+02
1.513300000000000125e+02
1.514199999999999875e+02
1.515000000000000000e+02
1.515800000000000125e+02
1.516699999999999875e+02
1.517500000000000000e+02
1.518300000000000125e+02
1.519199999999999875e+02
1.520000000000000000e+02
1.520800000000000125e+02
1.521699999999999875e+02
1.522500000000000000e+02
1.523300000000000125e+02
1.524199999999999875e+02
1.525000000000000000e+02
1.525800000000000125e+02
1.526699999999999875e+02
1.527500000000000000e+02
1.528300000000000125e+02
1.529199999999999875e+02
1.530000000000000000e+02
1.530800000000000125e+02
1.531699999999999875e+02
1.532500000000000000e+02
1.533300000000000125e+02
1.534199999999999875e+02
1.535000000000000000e+02
1.535800000000000125e+02
1.536699999999999875e+02
1.537500000000000000e+02
1.538300000000000125e+02
1.539199999999999875e+02
1.540000000000000000e+02
1.540800000000000125e+02
1.541699999999999875e+02
1.542500000000000000e+02
1.543300000000000125e+02
1.544199999999999875e+02
1.545000000000000000e+02
1.545800000000000125e+02
1.546699999999999875e+02
1.547500000000000000e+02
1.548300000000000125e+02
1.549199999999999875e+02
1.550000000000000000e+02
1.550800000000000125e+02
1.551699999999999875e+02
1.552500000000000000e+02
1.553300000000000125e+02
1.554199999999999875e+02
1.555000000000000000e+02
1.555800000000000125e+02
1.556699999999999875e+02
1.557500000000000000e+02
1.558300000000000125e+02
1.559199999999999875e+02
1.560000000000000000e+02
1.560800000000000125e+02
1.561699999999999875e+02
1.562500000000000000e+02
1.563300000000000125e+02
1.564199999999999875e+02
1.565000000000000000e+02
1.565800000000000125e+02
1.566699999999999875e+02
1.567500000000000000e+02
1.568300000000000125e+02
1.569199999999999875e+02
1.570000000000000000e+02
1.570800000000000125e+02
1.571699999999999875e+02
1.572500000000000000e+02
1.573300000000000125e+02
1.574199999999999875e+02
1.575000000000000000e+02
1.575800000000000125e+02
1.576699999999999875e+02
1.577500000000000000e+02
1.578300000000000125e+02
1.579199999999999875e+02
1.580000000000000000e+02
1.580800000000000125e+02
1.581699999999999875e+02
1.582500000000000000e+02
1.583300000000000125e+02
1.584199999999999875e+02
1.585000000000000000e+02
1.585800000000000125e+02
1.586699999999999875e+02
1.587500000000000000e+02
1.588300000000000125e+02
1.589199999999999875e+02
1.590000000000000000e+02
1.590800000000000125e+02
1.591699999999999875e+02
1.592500000000000000e+02
1.593300000000000125e+02
1.594199999999999875e+02
1.595000000000000000e+02
1.595800000000000125e+02
1.596699999999999875e+02
1.597500000000000000e+02
1.598300000000000125e+02
1.599199999999999875e+02
1.600000000000000000e+02
1.600800000000000125e+02
1.601699999999999875e+02
1.602500000000000000e+02
1.603300000000000125e+02
1.604199999999999875e+02
1.605000000000000000e+02
1.605800000000000125e+02
1.606699999999999875e+02
1.607500000000000000e+02
1.608300000000000125e+02
1.609199999999999875e+02
1.610000000000000000e+02
1.610800000000000125e+02
1.611699999999999875e+02
1.612500000000000000e+02
1.613300000000000125e+02
1.614199999999999875e+02
1.615000000000000000e+02
1.615800000000000125e+02
1.616699999999999875e+02
1.617500000000000000e+02
1.618300000000000125e+02
1.619199999999999875e+02
1.620000000000000000e+02
1.620800000000000125e+02
1.621699999999999875e+02
1.622500000000000000e+02
1.623300000000000125e+02
1.624199999999999875e+02
1.625000000000000000e+02
1.625800000000000125e+02
1.626699999999999875e+02
1.627500000000000000e+02
1.628300000000000125e+02
1.629199999999999875e+02
1.630000000000000000e+02
1.630800000000000125e+02
1.631699999999999875e+02
1.632500000000000000e+02
1.633300000000000125e+02
1.634199999999999875e+02
1.635000000000000000e+02
1.635800000000000125e+02
1.636699999999999875e+02
1.637500000000000000e+02
1.638300000000000125e+02
1.639199999999999875e+02
1.640000000000000000e+02
1.640800000000000125e+02
1.641699999999999875e+02
1.642500000000000000e+02
1.643300000000000125e+02
1.644199999999999875e+02
1.645000000000000000e+02
1.645800000000000125e+02
1.646699999999999875e+02
1.647500000000000000e+02
1.648300000000000125e+02
1.649199999999999875e+02
1.650000000000000000e+02
1.650800000000000125e+02
1.651699999999999875e+02
1.652500000000000000e+02
1.653300000000000125e+02
1.654199999999999875e+02
1.655000000000000000e+02
1.655800000000000125e+02
1.656699999999999875e+02
1.657500000000000000e+02
1.658300000000000125e+02
1.659199999999999875e+02
1.660000000000000000e+02
1.660800000000000125e+02
1.661699999999999875e+02
1.662500000000000000e+02
1.663300000000000125e+02
1.664199999999999875e+02
1.665000000000000000e+02
1.665800000000000125e+02
1.666699999999999875e+02
1.667500000000000000e+02
1.668300000000000125e+02
1.669199999999999875e+02
1.670000000000000000e+02
1.670800000000000125e+02
1.671699999999999875e+02
1.672500000000000000e+02
1.673300000000000125e+02
1.674199999999999875e+02
1.675000000000000000e+02
1.675800000000000125e+02
1.676699999999999875e+02
1.677500000000000000e+02
1.678300000000000125e+02
1.679199999999999875e+02
1.680000000000000000e+02
1.680800000000000125e+02
1.681699999999999875e+02
1.682500000000000000e+02
1.683300000000000125e+02
1.684199999999999875e+02
1.685000000000000000e+02
1.685800000000000125e+02
1.686699999999999875e+02
1.687500000000000000e+02
1.688300000000000125e+02
1.689199999999999875e+02
1.690000000000000000e+02
1.690800000000000125e+02
1.691699999999999875e+02
1.692500000000000000e+02
1.693300000000000125e+02
1.694199999999999875e+02
1.695000000000000000e+02
1.695800000000000125e+02
1.696699999999999875e+02
1.697500000000000000e+02
1.698300000000000125e+02
1.699199999999999875e+02
1.700000000000000000e+02
1.700800000000000125e+02
1.701699999999999875e+02
1.702500000000000000e+02
1.703300000000000125e+02
1.704199999999999875e+02
1.705000000000000000e+02
1.705800000000000125e+02
1.706699999999999875e+02
1.707500000000000000e+02
1.708300000000000125e+02
1.709199999999999875e+02
1.710000000000000000e+02
1.710800000000000125e+02
1.711699999999999875e+02
1.712500000000000000e+02
1.713300000000000125e+02
1.714199999999999875e+02
1.715000000000000000e+02
1.715800000000000125e+02
1.716699999999999875e+02
1.717500000000000000e+02
1.718300000000000125e+02
1.719199999999999875e+02
1.720000000000000000e+02
1.720800000000000125e+02
1.721699999999999875e+02
1.722500000000000000e+02
1.723300000000000125e+02
1.724199999999999875e+02
1.725000000000000000e+02
1.725800000000000125e+02
1.726699999999999875e+02
1.727500000000000000e+02
1.728300000000000125e+02
1.729199999999999875e+02
1.730000000000000000e+02
1.730800000000000125e+02
1.731699999999999875e+02
1.732500000000000000e+02
1.733300000000000125e+02
1.734199999999999875e+02
1.735000000000000000e+02
1.735800000000000125e+02
1.736699999999999875e+02
1.737500000000000000e+02
1.738300000000000125e+02
1.739199999999999875e+02
1.740000000000000000e+02
1.740800000000000125e+02
1.741699999999999875e+02
1.742500000000000000e+02
1.743300000000000125e+02
1.744199999999999875e+02
1.745000000000000000e+02
1.745800000000000125e+02
1.746699999999999875e+02
1.747500000000000000e+02
1.748300000000000125e+02
1.749199999999999875e+02
1.750000000000000000e+02
1.750800000000000125e+02
1.751699999999999875e+02
1.752500000000000000e+02
1.753300000000000125e+02
1.754199999999999875e+02
1.755000000000000000e+02
1.755800000000000125e+02
1.756699999999999875e+02
1.757500000000000000e+02
1.758300000000000125e+02
1.759199999999999875e+02
1.760000000000000000e+02
1.760800000000000125e+02
1.761699999999999875e+02
1.762500000000000000e+02
1.763300000000000125e+02
1.764199999999999875e+02
1.765000000000000000e+02
1.765800000000000125e+02
1.766699999999999875e+02
1.767500000000000000e+02
1.768300000000000125e+02
1.769199999999999875e+02
1.770000000000000000e+02
1.770800000000000125e+02
1.771699999999999875e+02
1.772500000000000000e+02
1.773300000000000125e+02
1.774199999999999875e+02
1.775000000000000000e+02
1.775800000000000125e+02
1.776699999999999875e+02
1.777500000000000000e+02
1.778300000000000125e+02
1.779199999999999875e+02
1.780000000000000000e+02
1.780800000000000125e+02
1.781699999999999875e+02
1.782500000000000000e+02
1.783300000000000125e+02
1.784199999999999875e+02
1.785000000000000000e+02
1.785800000000000125e+02
1.786699999999999875e+02
1.787500000000000000e+02
1.788300000000000125e+02
1.789199999999999875e+02
1.790000000000000000e+02
1.790800000000000125e+02
1.791699999999999875e+02
1.792500000000000000e+02
1.793300000000000125e+02
1.794199999999999875e+02
1.795000000000000000e+02
1.795800000000000125e+02
1.796699999999999875e+02
1.797500000000000000e+02
1.798300000000000125e+02
1.799199999999999875e+02
1.800000000000000000e+02
1.800800000000000125e+02
1.801699999999999875e+02
1.802500000000000000e+02
1.803300000000000125e+02
1.804199999999999875e+02
1.805000000000000000e+02
1.805800000000000125e+02
1.806699999999999875e+02
1.807500000000000000e+02
1.808300000000000125e+02
1.809199999999999875e+02
1.810000000000000000e+02
1.810800000000000125e+02
1.811699999999999875e+02
1.812500000000000000e+02
1.813300000000000125e+02
1.814199999999999875e+02
1.815000000000000000e+02
1.815800000000000125e+02
1.816699999999999875e+02
1.817500000000000000e+02
1.818300000000000125e+02
1.819199999999999875e+02
1.820000000000000000e+02
1.820800000000000125e+02
1.821699999999999875e+02
1.822500000000000000e+02
1.823300000000000125e+02
1.824199999999999875e+02
1.825000000000000000e+02
1.825800000000000125e+02
1.826699999999999875e+02
1.827500000000000000e+02
1.828300000000000125e+02
1.829199999999999875e+02
1.830000000000000000e+02
1.830800000000000125e+02
1.831699999999999875e+02
1.832500000000000000e+02
1.833300000000000125e+02
1.834199999999999875e+02
1.835000000000000000e+02
1.835800000000000125e+02
1.836699999999999875e+02
1.837500000000000000e+02
1.838300000000000125e+02
1.839199999999999875e+02
1.840000000000000000e+02
1.840800000000000125e+02
1.841699999999999875e+02
1.842500000000000000e+02
1.843300000000000125e+02
1.844199999999999875e+02
1.845000000000000000e+02
1.845800000000000125e+02
1.846699999999999875e+02
1.847500000000000000e+02
1.848300000000000125e+02
1.849199999999999875e+02
1.850000000000000000e+02
1.850800000000000125e+02
1.851699999999999875e+02
1.852500000000000000e+02
1.853300000000000125e+02
1.854199999999999875e+02
1.855000000000000000e+02
1.855800000000000125e+02
1.856699999999999875e+02
1.857500000000000000e+02
1.858300000000000125e+02
1.859199999999999875e+02
1.860000000000000000e+02
1.860800000000000125e+02
1.861699999999999875e+02
1.862500000000000000e+02
1.863300000000000125e+02
1.864199999999999875e+02
1.865000000000000000e+02
1.865800000000000125e+02
1.866699999999999875e+02
1.867500000000000000e+02
1.868300000000000125e+02
1.869199999999999875e+02
1.870000000000000000e+02
1.870800000000000125e+02
1.871699999999999875e+02
1.872500000000000000e+02
1.873300000000000125e+02
1.874199999999999875e+02
1.875000000000000000e+02
1.875800000000000125e+02
1.876699999999999875e+02
1.877500000000000000e+02
1.878300000000000125e+02
1.879199999999999875e+02
1.880000000000000000e+02
1.880800000000000125e+02
1.881699999999999875e+02
1.882500000000000000e+02
1.883300000000000125e+02
1.884199999999999875e+02
1.885000000000000000e+02
1.885800000000000125e+02
1.886699999999999875e+02
1.887500000000000000e+02
1.888300000000000125e+02
1.889199999999999875e+02
1.890000000000000000e+02
1.890800000000000125e+02
1.891699999999999875e+02
1.892500000000000000e+02
1.893300000000000125e+02
1.894199999999999875e+02
1.895000000000000000e+02
1.895800000000000125e+02
1.896699999999999875e+02
1.897500000000000000e+02
1.898300000000000125e+02
1.899199999999999875e+02
1.900000000000000000e+02
1.900800000000000125e+02
1.901699999999999875e+02
1.902500000000000000e+02
1.903300000000000125e+02
1.904199999999999875e+02
1.905000000000000000e+02
1.905800000000000125e+02
1.906699999999999875e+02
1.907500000000000000e+02
1.908300000000000125e+02
1.909199999999999875e+02
1.910000000000000000e+02
1.910800000000000125e+02
1.911699999999999875e+02
1.912500000000000000e+02
1.913300000000000125e+02
1.914199999999999875e+02
1.915000000000000000e+02
1.915800000000000125e+02
1.916699999999999875e+02
1.917500000000000000e+02
1.918300000000000125e+02
1.919199999999999875e+02
1.920000000000000000e+02
1.920800000000000125e+02
1.921699999999999875e+02
1.922500000000000000e+02
1.923300000000000125e+02
1.924199999999999875e+02
1.925000000000000000e+02
1.925800000000000125e+02
1.926699999999999875e+02
1.927500000000000000e+02
1.928300000000000125e+02
1.929199999999999875e+02
1.930000000000000000e+02
1.930800000000000125e+02
1.931699999999999875e+02
1.932500000000000000e+02
1.933300000000000125e+02
1.934199999999999875e+02
1.935000000000000000e+02
1.935800000000000125e+02
1.936699999999999875e+02
1.937500000000000000e+02
1.938300000000000125e+02
1.939199999999999875e+02
1.940000000000000000e+02
1.940800000000000125e+02
1.941699999999999875e+02
1.942500000000000000e+02
1.943300000000000125e+02
1.944199999999999875e+02
1.945000000000000000e+02
1.945800000000000125e+02
1.946699999999999875e+02
1.947500000000000000e+02
1.948300000000000125e+02
1.949199999999999875e+02
1.950000000000000000e+02
1.950800000000000125e+02
1.951699999999999875e+02
1.952500000000000000e+02
1.953300000000000125e+02
1.954199999999999875e+02
1.955000000000000000e+02
1.955800000000000125e+02
1.956699999999999875e+02
1.957500000000000000e+02
1.958300000000000125e+02
1.959199999999999875e+02
1.960000000000000000e+02
1.960800000000000125e+02
1.961699999999999875e+02
1.962500000000000000e+02
1.963300000000000125e+02
1.964199999999999875e+02
1.965000000000000000e+02
1.965800000000000125e+02
1.966699999999999875e+02
1.967500000000000000e+02
1.968300000000000125e+02
1.969199999999999875e+02
1.970000000000000000e+02
1.970800000000000125e+02
1.971699999999999875e+02
1.972500000000000000e+02
1.973300000000000125e+02
1.974199999999999875e+02
1.975000000000000000e+02
1.975800000000000125e+02
1.976699999999999875e+02
1.977500000000000000e+02
1.978300000000000125e+02
1.979199999999999875e+02
1.980000000000000000e+02
1.980800000000000125e+02
1.981699999999999875e+02
1.982500000000000000e+02
1.983300000000000125e+02
1.984199999999999875e+02
1.985000000000000000e+02
1.985800000000000125e+02
1.986699999999999875e+02
1.987500000000000000e+02
1.988300000000000125e+02
1.989199999999999875e+02
1.990000000000000000e+02
1.990800000000000125e+02
1.991699999999999875e+02
1.992500000000000000e+02
1.993300000000000125e+02
1.994199999999999875e+02
1.995000000000000000e+02
1.995800000000000125e+02
1.996699999999999875e+02
1.997500000000000000e+02
1.998300000000000125e+02
1.999199999999999875e+02
2.000000000000000000e+02
