6.963370421302653157e-02
6.975950767836240629e-02
6.975363363752723478e-02
6.953797719145358991e-02
6.967029596293052018e-02
6.960022801639921541e-02
6.959632840703039447e-02
6.970568290733310246e-02
6.959981830926803559e-02
6.937283345389266831e-02
6.944032366565032477e-02
6.964749539348125129e-02
6.976817119322055449e-02
6.949837242141698734e-02
6.956399766618485969e-02
6.930376452373152030e-02
6.914650253813996172e-02
6.957391413057069374e-02
6.930214102849809044e-02
6.928292992326214039e-02
6.902478081419501088e-02
6.955184118827045792e-02
6.940930707821132972e-02
6.910548258140536415e-02
6.918750108105460594e-02
6.911433034820418930e-02
6.887088430964040386e-02
6.848480983009982981e-02
6.925897503388697696e-02
6.863603048420265085e-02
6.918259006687456358e-02
6.833152280681045743e-02
6.870547203669587211e-02
6.899918408464819630e-02
6.851191469670868395e-02
6.789559602654374193e-02
6.797724715589448241e-02
6.875359819657714255e-02
6.787438781442120539e-02
6.857044421522588695e-02
6.832621797622229209e-02
6.807133614214865014e-02
6.768432875124533177e-02
6.728113741490404642e-02
6.766369429172153227e-02
6.711613999008853026e-02
6.744581030239570063e-02
6.674043283869751653e-02
6.700837604700589367e-02
6.619972099363741203e-02
6.736593369507985762e-02
6.646400420305693946e-02
6.653192164041961398e-02
6.543893232019332151e-02
6.549098326525007452e-02
6.652466282073307702e-02
6.530025875227521426e-02
6.636452373776069447e-02
6.501994782444729670e-02
6.483403462647713278e-02
6.456349065557680234e-02
6.436448120371485171e-02
6.399796210410868547e-02
6.370223029471040743e-02
6.331540796604739896e-02
6.291743217574542746e-02
6.242480177220032650e-02
6.191891079251653218e-02
6.276364354548404079e-02
6.086514617923374088e-02
6.163235390418191767e-02
6.100053286802692432e-02
6.035237163266105737e-02
5.968722800684880814e-02
5.900442570070531939e-02
5.821623225291217701e-02
5.891975167590809970e-02
5.811123944009823072e-02
5.573452099469090176e-02
5.634507130292694399e-02
5.547444619166935070e-02
5.449399123608392875e-02
5.511223748997798322e-02
5.246557459026646164e-02
5.298675579480539161e-02
5.193278975617343640e-02
5.076776729070841404e-02
4.966374221435214398e-02
5.017928279097157857e-02
4.895716859712356817e-02
4.594213852703309120e-02
4.643437572553722054e-02
4.505067637959254273e-02
4.372131215855531300e-02
4.228469735187492806e-02
4.089730547173412584e-02
4.128095749304498685e-02
3.788352331920271515e-02
3.824569849433850227e-02
3.668412219481102798e-02
3.314254437750139420e-02
3.150000049218752013e-02
2.976562546508780549e-02
2.805961967690842260e-02
2.626590950131395957e-02
2.449285752555808646e-02
2.057870402524596132e-02
1.659958532160919764e-02
1.258018887581078236e-02
6.343287625540921550e-03
0.000000000000000000e+00
0.000000000000000000e+00
0.000000000000000000e+00
0.000000000000000000e+00
0.000000000000000000e+00
0.000000000000000000e+00
0.000000000000000000e+00
0.000000000000000000e+00
0.000000000000000000e+00
0.000000000000000000e+00
0.000000000000000000e+00
0.000000000000000000e+00
0.000000000000000000e+00
0.000000000000000000e+00
0.000000000000000000e+00
0.000000000000000000e+00
0.000000000000000000e+00
0.000000000000000000e+00
0.000000000000000000e+00
0.000000000000000000e+00
0.000000000000000000e+00
0.000000000000000000e+00
0.000000000000000000e+00
0.000000000000000000e+00
0.000000000000000000e+00
0.000000000000000000e+00
0.000000000000000000e+00
0.000000000000000000e+00
0.000000000000000000e+00
0.000000000000000000e+00
0.000000000000000000e+00
0.000000000000000000e+00
0.000000000000000000e+00
0.000000000000000000e+00
0.000000000000000000e+00
0.000000000000000000e+00
0.000000000000000000e+00
0.000000000000000000e+00
0.000000000000000000e+00
0.000000000000000000e+00
0.000000000000000000e+00
0.000000000000000000e+00
0.000000000000000000e+00
0.000000000000000000e+00
0.000000000000000000e+00
0.000000000000000000e+00
0.000000000000000000e+00
0.000000000000000000e+00
0.000000000000000000e+00
0.000000000000000000e+00
0.000000000000000000e+00
0.000000000000000000e+00
0.000000000000000000e+00
0.000000000000000000e+00
0.000000000000000000e+00
0.000000000000000000e+00
0.000000000000000000e+00
0.000000000000000000e+00
0.000000000000000000e+00
0.000000000000000000e+00
0.000000000000000000e+00
0.000000000000000000e+00
0.000000000000000000e+00
0.000000000000000000e+00
0.000000000000000000e+00
0.000000000000000000e+00
0.000000000000000000e+00
0.000000000000000000e+00
0.000000000000000000e+00
0.000000000000000000e+00
0.000000000000000000e+00
0.000000000000000000e+00
0.000000000000000000e+00
0.000000000000000000e+00
0.000000000000000000e+00
0.000000000000000000e+00
0.000000000000000000e+00
0.000000000000000000e+00
0.000000000000000000e+00
0.000000000000000000e+00
0.000000000000000000e+00
0.000000000000000000e+00
0.000000000000000000e+00
0.000000000000000000e+00
0.000000000000000000e+00
0.000000000000000000e+00
0.000000000000000000e+00
0.000000000000000000e+00
0.000000000000000000e+00
0.000000000000000000e+00
