3.026798279683583226e-02
3.025027608324401193e-02
3.030681865536230188e-02
3.024970602244910281e-02
3.030681865536223249e-02
3.021485865152664929e-02
3.015603846304695801e-02
3.036336122748038019e-02
3.015831181687010989e-02
3.026912360728339565e-02
3.008064836688935373e-02
3.038106367901568378e-02
3.008291603732784342e-02
3.025540759742265801e-02
3.016058551347875968e-02
3.012231703586467843e-02
2.985447807841655130e-02
3.008972110052436297e-02
3.015831181686996418e-02
3.009085557705793237e-02
3.026912360728339565e-02
2.991271178078008450e-02
2.985447807841648191e-02
3.016399670128416116e-02
3.038106367901575317e-02
3.002919894248869820e-02
3.008291603732784342e-02
3.007483644586237889e-02
2.998112320601159161e-02
2.981085669022474904e-02
3.016058551347869029e-02
2.985447807841655130e-02
3.013197162465819021e-02
2.968708819473148824e-02
2.985447807841648191e-02
2.998980172382069431e-02
3.008972110052436297e-02
2.941544163608682955e-02
2.941544163608682955e-02
2.936997727498004071e-02
2.929899095660908753e-02
2.998754098719381631e-02
2.902518702068272033e-02
2.968988596008761971e-02
2.949197791094218882e-02
2.923306068705893920e-02
2.986798689202662532e-02
2.957855868767331545e-02
2.922137180436895285e-02
2.981141873503414044e-02
2.941544163608682955e-02
2.897465080237926829e-02
2.851680288956689666e-02
2.904927431281610975e-02
2.851465197669245805e-02
2.903588755045988928e-02
2.844994573993524928e-02
2.892463893915543649e-02
2.828407849623737480e-02
2.877229619179957551e-02
2.807368464917765413e-02
2.731932940548681063e-02
2.774773867240040368e-02
2.573851143157597499e-02
2.612266831861445246e-02
2.651846632344191310e-02
2.436201961142580447e-02
2.471050103629658309e-02
2.374967055578516492e-02
2.409939796691448061e-02
2.306936942423098644e-02
2.204132265844522751e-02
2.092311748173541694e-02
1.980445575498919128e-02
2.005981406701624198e-02
1.741872305881483896e-02
1.617849289984776839e-02
1.490499278132567142e-02
1.206787349172797064e-02
9.161450524827041003e-03
6.183153110522151587e-03
0.000000000000000000e+00
0.000000000000000000e+00
0.000000000000000000e+00
0.000000000000000000e+00
0.000000000000000000e+00
0.000000000000000000e+00
0.000000000000000000e+00
0.000000000000000000e+00
0.000000000000000000e+00
0.000000000000000000e+00
0.000000000000000000e+00
0.000000000000000000e+00
0.000000000000000000e+00
0.000000000000000000e+00
0.000000000000000000e+00
0.000000000000000000e+00
0.000000000000000000e+00
0.000000000000000000e+00
0.000000000000000000e+00
0.000000000000000000e+00
0.000000000000000000e+00
0.000000000000000000e+00
0.000000000000000000e+00
0.000000000000000000e+00
0.000000000000000000e+00
0.000000000000000000e+00
0.000000000000000000e+00
0.000000000000000000e+00
0.000000000000000000e+00
0.000000000000000000e+00
0.000000000000000000e+00
0.000000000000000000e+00
0.000000000000000000e+00
0.000000000000000000e+00
0.000000000000000000e+00
0.000000000000000000e+00
0.000000000000000000e+00
0.000000000000000000e+00
0.000000000000000000e+00
0.000000000000000000e+00
0.000000000000000000e+00
0.000000000000000000e+00
0.000000000000000000e+00
0.000000000000000000e+00
0.000000000000000000e+00
0.000000000000000000e+00
0.000000000000000000e+00
0.000000000000000000e+00
0.000000000000000000e+00
0.000000000000000000e+00
0.000000000000000000e+00
0.000000000000000000e+00
0.000000000000000000e+00
0.000000000000000000e+00
0.000000000000000000e+00
0.000000000000000000e+00
0.000000000000000000e+00
0.000000000000000000e+00
0.000000000000000000e+00
0.000000000000000000e+00
0.000000000000000000e+00
0.000000000000000000e+00
0.000000000000000000e+00
0.000000000000000000e+00
0.000000000000000000e+00
0.000000000000000000e+00
0.000000000000000000e+00
0.000000000000000000e+00
0.000000000000000000e+00
0.000000000000000000e+00
0.000000000000000000e+00
0.000000000000000000e+00
0.000000000000000000e+00
0.000000000000000000e+00
0.000000000000000000e+00
0.000000000000000000e+00
0.000000000000000000e+00
0.000000000000000000e+00
0.000000000000000000e+00
0.000000000000000000e+00
0.000000000000000000e+00
0.000000000000000000e+00
0.000000000000000000e+00
0.000000000000000000e+00
0.000000000000000000e+00
0.000000000000000000e+00
0.000000000000000000e+00
0.000000000000000000e+00
0.000000000000000000e+00
0.000000000000000000e+00
0.000000000000000000e+00
0.000000000000000000e+00
0.000000000000000000e+00
0.000000000000000000e+00
0.000000000000000000e+00
0.000000000000000000e+00
0.000000000000000000e+00
0.000000000000000000e+00
0.000000000000000000e+00
0.000000000000000000e+00
0.000000000000000000e+00
0.000000000000000000e+00
0.000000000000000000e+00
0.000000000000000000e+00
0.000000000000000000e+00
0.000000000000000000e+00
0.000000000000000000e+00
0.000000000000000000e+00
0.000000000000000000e+00
0.000000000000000000e+00
0.000000000000000000e+00
0.000000000000000000e+00
0.000000000000000000e+00
0.000000000000000000e+00
0.000000000000000000e+00
0.000000000000000000e+00
0.000000000000000000e+00
0.000000000000000000e+00
0.000000000000000000e+00
