0.000000000000000000e+00
0.000000000000000000e+00
0.000000000000000000e+00
0.000000000000000000e+00
0.000000000000000000e+00
0.000000000000000000e+00
0.000000000000000000e+00
0.000000000000000000e+00
0.000000000000000000e+00
0.000000000000000000e+00
0.000000000000000000e+00
0.000000000000000000e+00
0.000000000000000000e+00
0.000000000000000000e+00
0.000000000000000000e+00
0.000000000000000000e+00
0.000000000000000000e+00
0.000000000000000000e+00
0.000000000000000000e+00
0.000000000000000000e+00
0.000000000000000000e+00
7.500000000000000000e-01
7.500000000000000000e-01
7.500000000000000000e-01
7.500000000000000000e-01
6.666666666666666297e-01
6.666666666666666297e-01
6.666666666666666297e-01
6.666666666666666297e-01
6.666666666666666297e-01
6.000000000000000888e-01
0.000000000000000000e+00
0.000000000000000000e+00
0.000000000000000000e+00
0.000000000000000000e+00
0.000000000000000000e+00
0.000000000000000000e+00
0.000000000000000000e+00
0.000000000000000000e+00
0.000000000000000000e+00
0.000000000000000000e+00
0.000000000000000000e+00
0.000000000000000000e+00
0.000000000000000000e+00
0.000000000000000000e+00
0.000000000000000000e+00
0.000000000000000000e+00
0.000000000000000000e+00
0.000000000000000000e+00
0.000000000000000000e+00
0.000000000000000000e+00
0.000000000000000000e+00
0.000000000000000000e+00
0.000000000000000000e+00
0.000000000000000000e+00
0.000000000000000000e+00
0.000000000000000000e+00
0.000000000000000000e+00
0.000000000000000000e+00
0.000000000000000000e+00
0.000000000000000000e+00
0.000000000000000000e+00
0.000000000000000000e+00
0.000000000000000000e+00
0.000000000000000000e+00
0.000000000000000000e+00
0.000000000000000000e+00
0.000000000000000000e+00
0.000000000000000000e+00
0.000000000000000000e+00
0.000000000000000000e+00
0.000000000000000000e+00
0.000000000000000000e+00
0.000000000000000000e+00
0.000000000000000000e+00
0.000000000000000000e+00
0.000000000000000000e+00
0.000000000000000000e+00
0.000000000000000000e+00
0.000000000000000000e+00
0.000000000000000000e+00
0.000000000000000000e+00
0.000000000000000000e+00
0.000000000000000000e+00
0.000000000000000000e+00
0.000000000000000000e+00
0.000000000000000000e+00
0.000000000000000000e+00
0.000000000000000000e+00
0.000000000000000000e+00
0.000000000000000000e+00
0.000000000000000000e+00
0.000000000000000000e+00
0.000000000000000000e+00
0.000000000000000000e+00
0.000000000000000000e+00
0.000000000000000000e+00
0.000000000000000000e+00
0.000000000000000000e+00
0.000000000000000000e+00
0.000000000000000000e+00
0.000000000000000000e+00
0.000000000000000000e+00
0.000000000000000000e+00
0.000000000000000000e+00
0.000000000000000000e+00
0.000000000000000000e+00
0.000000000000000000e+00
0.000000000000000000e+00
0.000000000000000000e+00
0.000000000000000000e+00
0.000000000000000000e+00
0.000000000000000000e+00
0.000000000000000000e+00
0.000000000000000000e+00
0.000000000000000000e+00
0.000000000000000000e+00
0.000000000000000000e+00
0.000000000000000000e+00
0.000000000000000000e+00
0.000000000000000000e+00
0.000000000000000000e+00
0.000000000000000000e+00
0.000000000000000000e+00
0.000000000000000000e+00
0.000000000000000000e+00
0.000000000000000000e+00
0.000000000000000000e+00
0.000000000000000000e+00
0.000000000000000000e+00
0.000000000000000000e+00
0.000000000000000000e+00
0.000000000000000000e+00
0.000000000000000000e+00
0.000000000000000000e+00
0.000000000000000000e+00
0.000000000000000000e+00
0.000000000000000000e+00
0.000000000000000000e+00
0.000000000000000000e+00
0.000000000000000000e+00
0.000000000000000000e+00
0.000000000000000000e+00
0.000000000000000000e+00
0.000000000000000000e+00
0.000000000000000000e+00
0.000000000000000000e+00
0.000000000000000000e+00
0.000000000000000000e+00
0.000000000000000000e+00
0.000000000000000000e+00
0.000000000000000000e+00
0.000000000000000000e+00
0.000000000000000000e+00
0.000000000000000000e+00
0.000000000000000000e+00
0.000000000000000000e+00
0.000000000000000000e+00
0.000000000000000000e+00
0.000000000000000000e+00
0.000000000000000000e+00
0.000000000000000000e+00
0.000000000000000000e+00
0.000000000000000000e+00
0.000000000000000000e+00
0.000000000000000000e+00
0.000000000000000000e+00
0.000000000000000000e+00
0.000000000000000000e+00
0.000000000000000000e+00
0.000000000000000000e+00
0.000000000000000000e+00
0.000000000000000000e+00
0.000000000000000000e+00
0.000000000000000000e+00
0.000000000000000000e+00
0.000000000000000000e+00
0.000000000000000000e+00
0.000000000000000000e+00
0.000000000000000000e+00
0.000000000000000000e+00
0.000000000000000000e+00
0.000000000000000000e+00
0.000000000000000000e+00
0.000000000000000000e+00
0.000000000000000000e+00
0.000000000000000000e+00
0.000000000000000000e+00
0.000000000000000000e+00
0.000000000000000000e+00
0.000000000000000000e+00
0.000000000000000000e+00
0.000000000000000000e+00
0.000000000000000000e+00
0.000000000000000000e+00
0.000000000000000000e+00
0.000000000000000000e+00
0.000000000000000000e+00
0.000000000000000000e+00
0.000000000000000000e+00
0.000000000000000000e+00
0.000000000000000000e+00
0.000000000000000000e+00
0.000000000000000000e+00
0.000000000000000000e+00
0.000000000000000000e+00
0.000000000000000000e+00
0.000000000000000000e+00
0.000000000000000000e+00
0.000000000000000000e+00
0.000000000000000000e+00
0.000000000000000000e+00
0.000000000000000000e+00
0.000000000000000000e+00
0.000000000000000000e+00
0.000000000000000000e+00
0.000000000000000000e+00
0.000000000000000000e+00
0.000000000000000000e+00
0.000000000000000000e+00
0.000000000000000000e+00
0.000000000000000000e+00
0.000000000000000000e+00
-1.250000000000000000e-01
-1.250000000000000000e-01
-1.224489795918367319e-01
-1.224489795918367319e-01
-1.224489795918367319e-01
-1.224489795918367319e-01
-1.224489795918367319e-01
-1.200000000000000094e-01
-1.200000000000000094e-01
-1.200000000000000094e-01
-1.200000000000000094e-01
-1.200000000000000094e-01
-1.176470588235294101e-01
-1.176470588235294101e-01
-1.176470588235294101e-01
-1.176470588235294101e-01
-1.176470588235294101e-01
-1.153846153846153910e-01
-1.153846153846153910e-01
-1.153846153846153910e-01
-1.153846153846153910e-01
-1.153846153846153910e-01
-1.132075471698113234e-01
-1.132075471698113234e-01
-1.132075471698113234e-01
-1.132075471698113234e-01
-1.132075471698113234e-01
-1.111111111111111049e-01
-1.111111111111111049e-01
-1.111111111111111049e-01
-1.111111111111111049e-01
-1.111111111111111049e-01
-1.090909090909090856e-01
-1.090909090909090856e-01
-1.090909090909090856e-01
-1.090909090909090856e-01
-1.090909090909090856e-01
-1.071428571428571369e-01
-1.071428571428571369e-01
-1.071428571428571369e-01
-1.071428571428571369e-01
-1.071428571428571369e-01
-1.052631578947368363e-01
-1.052631578947368363e-01
-1.052631578947368363e-01
-1.052631578947368363e-01
-1.052631578947368363e-01
-1.034482758620689641e-01
-1.034482758620689641e-01
-1.034482758620689641e-01
-1.034482758620689641e-01
-1.034482758620689641e-01
-1.016949152542372947e-01
-1.016949152542372947e-01
-1.016949152542372947e-01
-1.016949152542372947e-01
-1.016949152542372947e-01
-1.000000000000000056e-01
-1.000000000000000056e-01
-1.000000000000000056e-01
0.000000000000000000e+00
0.000000000000000000e+00
0.000000000000000000e+00
0.000000000000000000e+00
0.000000000000000000e+00
0.000000000000000000e+00
0.000000000000000000e+00
0.000000000000000000e+00
0.000000000000000000e+00
0.000000000000000000e+00
0.000000000000000000e+00
0.000000000000000000e+00
0.000000000000000000e+00
0.000000000000000000e+00
0.000000000000000000e+00
0.000000000000000000e+00
0.000000000000000000e+00
0.000000000000000000e+00
0.000000000000000000e+00
0.000000000000000000e+00
0.000000000000000000e+00
0.000000000000000000e+00
0.000000000000000000e+00
0.000000000000000000e+00
0.000000000000000000e+00
0.000000000000000000e+00
0.000000000000000000e+00
0.000000000000000000e+00
0.000000000000000000e+00
0.000000000000000000e+00
0.000000000000000000e+00
0.000000000000000000e+00
0.000000000000000000e+00
0.000000000000000000e+00
0.000000000000000000e+00
0.000000000000000000e+00
0.000000000000000000e+00
0.000000000000000000e+00
0.000000000000000000e+00
0.000000000000000000e+00
0.000000000000000000e+00
0.000000000000000000e+00
0.000000000000000000e+00
0.000000000000000000e+00
0.000000000000000000e+00
0.000000000000000000e+00
0.000000000000000000e+00
0.000000000000000000e+00
0.000000000000000000e+00
0.000000000000000000e+00
0.000000000000000000e+00
0.000000000000000000e+00
0.000000000000000000e+00
0.000000000000000000e+00
0.000000000000000000e+00
0.000000000000000000e+00
0.000000000000000000e+00
0.000000000000000000e+00
0.000000000000000000e+00
0.000000000000000000e+00
0.000000000000000000e+00
0.000000000000000000e+00
0.000000000000000000e+00
0.000000000000000000e+00
0.000000000000000000e+00
0.000000000000000000e+00
0.000000000000000000e+00
0.000000000000000000e+00
0.000000000000000000e+00
0.000000000000000000e+00
0.000000000000000000e+00
0.000000000000000000e+00
0.000000000000000000e+00
0.000000000000000000e+00
0.000000000000000000e+00
0.000000000000000000e+00
0.000000000000000000e+00
0.000000000000000000e+00
0.000000000000000000e+00
0.000000000000000000e+00
0.000000000000000000e+00
0.000000000000000000e+00
0.000000000000000000e+00
0.000000000000000000e+00
0.000000000000000000e+00
0.000000000000000000e+00
0.000000000000000000e+00
0.000000000000000000e+00
0.000000000000000000e+00
0.000000000000000000e+00
0.000000000000000000e+00
0.000000000000000000e+00
0.000000000000000000e+00
0.000000000000000000e+00
0.000000000000000000e+00
0.000000000000000000e+00
0.000000000000000000e+00
0.000000000000000000e+00
0.000000000000000000e+00
0.000000000000000000e+00
0.000000000000000000e+00
0.000000000000000000e+00
0.000000000000000000e+00
0.000000000000000000e+00
0.000000000000000000e+00
0.000000000000000000e+00
0.000000000000000000e+00
0.000000000000000000e+00
0.000000000000000000e+00
0.000000000000000000e+00
0.000000000000000000e+00
0.000000000000000000e+00
0.000000000000000000e+00
0.000000000000000000e+00
0.000000000000000000e+00
0.000000000000000000e+00
0.000000000000000000e+00
0.000000000000000000e+00
0.000000000000000000e+00
0.000000000000000000e+00
0.000000000000000000e+00
0.000000000000000000e+00
0.000000000000000000e+00
0.000000000000000000e+00
0.000000000000000000e+00
0.000000000000000000e+00
0.000000000000000000e+00
0.000000000000000000e+00
0.000000000000000000e+00
0.000000000000000000e+00
0.000000000000000000e+00
0.000000000000000000e+00
0.000000000000000000e+00
0.000000000000000000e+00
0.000000000000000000e+00
0.000000000000000000e+00
0.000000000000000000e+00
0.000000000000000000e+00
0.000000000000000000e+00
0.000000000000000000e+00
0.000000000000000000e+00
0.000000000000000000e+00
0.000000000000000000e+00
0.000000000000000000e+00
0.000000000000000000e+00
0.000000000000000000e+00
0.000000000000000000e+00
0.000000000000000000e+00
0.000000000000000000e+00
0.000000000000000000e+00
0.000000000000000000e+00
0.000000000000000000e+00
0.000000000000000000e+00
0.000000000000000000e+00
0.000000000000000000e+00
0.000000000000000000e+00
0.000000000000000000e+00
0.000000000000000000e+00
0.000000000000000000e+00
0.000000000000000000e+00
0.000000000000000000e+00
0.000000000000000000e+00
0.000000000000000000e+00
0.000000000000000000e+00
0.000000000000000000e+00
0.000000000000000000e+00
0.000000000000000000e+00
0.000000000000000000e+00
0.000000000000000000e+00
0.000000000000000000e+00
0.000000000000000000e+00
0.000000000000000000e+00
0.000000000000000000e+00
0.000000000000000000e+00
0.000000000000000000e+00
0.000000000000000000e+00
0.000000000000000000e+00
0.000000000000000000e+00
0.000000000000000000e+00
0.000000000000000000e+00
0.000000000000000000e+00
0.000000000000000000e+00
0.000000000000000000e+00
0.000000000000000000e+00
0.000000000000000000e+00
0.000000000000000000e+00
0.000000000000000000e+00
0.000000000000000000e+00
0.000000000000000000e+00
0.000000000000000000e+00
0.000000000000000000e+00
0.000000000000000000e+00
0.000000000000000000e+00
0.000000000000000000e+00
0.000000000000000000e+00
0.000000000000000000e+00
0.000000000000000000e+00
0.000000000000000000e+00
0.000000000000000000e+00
0.000000000000000000e+00
0.000000000000000000e+00
0.000000000000000000e+00
0.000000000000000000e+00
0.000000000000000000e+00
0.000000000000000000e+00
0.000000000000000000e+00
0.000000000000000000e+00
0.000000000000000000e+00
0.000000000000000000e+00
0.000000000000000000e+00
0.000000000000000000e+00
0.000000000000000000e+00
0.000000000000000000e+00
0.000000000000000000e+00
0.000000000000000000e+00
0.000000000000000000e+00
0.000000000000000000e+00
0.000000000000000000e+00
0.000000000000000000e+00
0.000000000000000000e+00
0.000000000000000000e+00
0.000000000000000000e+00
0.000000000000000000e+00
0.000000000000000000e+00
0.000000000000000000e+00
0.000000000000000000e+00
0.000000000000000000e+00
0.000000000000000000e+00
0.000000000000000000e+00
0.000000000000000000e+00
0.000000000000000000e+00
0.000000000000000000e+00
0.000000000000000000e+00
0.000000000000000000e+00
0.000000000000000000e+00
0.000000000000000000e+00
0.000000000000000000e+00
0.000000000000000000e+00
0.000000000000000000e+00
0.000000000000000000e+00
0.000000000000000000e+00
0.000000000000000000e+00
0.000000000000000000e+00
0.000000000000000000e+00
0.000000000000000000e+00
0.000000000000000000e+00
0.000000000000000000e+00
0.000000000000000000e+00
0.000000000000000000e+00
0.000000000000000000e+00
0.000000000000000000e+00
0.000000000000000000e+00
0.000000000000000000e+00
0.000000000000000000e+00
0.000000000000000000e+00
0.000000000000000000e+00
0.000000000000000000e+00
-5.357142857142856845e-02
-5.357142857142856845e-02
-5.357142857142856845e-02
-5.357142857142856845e-02
-5.357142857142856845e-02
-5.309734513274336209e-02
-5.309734513274336209e-02
-5.309734513274336209e-02
-5.309734513274336209e-02
-5.309734513274336209e-02
-5.263157894736841813e-02
-5.263157894736841813e-02
-5.263157894736841813e-02
-5.263157894736841813e-02
-5.263157894736841813e-02
-5.217391304347826497e-02
-5.217391304347826497e-02
-5.217391304347826497e-02
-5.217391304347826497e-02
-5.217391304347826497e-02
-5.172413793103448204e-02
-5.172413793103448204e-02
-5.172413793103448204e-02
-5.172413793103448204e-02
-5.172413793103448204e-02
-5.128205128205128721e-02
-5.128205128205128721e-02
-5.128205128205128721e-02
-5.128205128205128721e-02
-5.128205128205128721e-02
-5.084745762711864736e-02
-5.084745762711864736e-02
-5.084745762711864736e-02
-5.084745762711864736e-02
-5.084745762711864736e-02
-5.042016806722689204e-02
-5.042016806722689204e-02
-5.042016806722689204e-02
-5.042016806722689204e-02
-5.042016806722689204e-02
-5.000000000000000278e-02
-5.000000000000000278e-02
-5.000000000000000278e-02
-5.000000000000000278e-02
-5.000000000000000278e-02
-4.958677685950413361e-02
-4.958677685950413361e-02
-4.958677685950413361e-02
-4.958677685950413361e-02
-4.958677685950413361e-02
-4.918032786885246505e-02
-4.918032786885246505e-02
-4.918032786885246505e-02
-4.918032786885246505e-02
-4.918032786885246505e-02
-4.878048780487805741e-02
-4.878048780487805741e-02
-4.878048780487805741e-02
-4.878048780487805741e-02
-4.878048780487805741e-02
-4.838709677419354704e-02
-4.838709677419354704e-02
-4.838709677419354704e-02
-4.838709677419354704e-02
-4.838709677419354704e-02
-4.800000000000000100e-02
-4.800000000000000100e-02
-4.800000000000000100e-02
-4.800000000000000100e-02
-4.800000000000000100e-02
-4.761904761904761640e-02
-4.761904761904761640e-02
-4.761904761904761640e-02
-4.761904761904761640e-02
-4.761904761904761640e-02
-4.724409448818897572e-02
-4.724409448818897572e-02
-4.724409448818897572e-02
-4.724409448818897572e-02
-4.724409448818897572e-02
-4.687500000000000000e-02
-4.687500000000000000e-02
-4.687500000000000000e-02
-4.687500000000000000e-02
-4.687500000000000000e-02
-4.651162790697674354e-02
-4.651162790697674354e-02
-4.651162790697674354e-02
-4.651162790697674354e-02
-4.651162790697674354e-02
-4.615384615384615641e-02
-4.615384615384615641e-02
-4.615384615384615641e-02
-4.615384615384615641e-02
-4.615384615384615641e-02
-4.580152671755725186e-02
-4.580152671755725186e-02
-4.580152671755725186e-02
-4.580152671755725186e-02
-4.580152671755725186e-02
-4.545454545454545581e-02
-4.545454545454545581e-02
-4.545454545454545581e-02
-4.545454545454545581e-02
-4.545454545454545581e-02
-4.511278195488721554e-02
-4.511278195488721554e-02
-4.511278195488721554e-02
-4.511278195488721554e-02
-4.511278195488721554e-02
-4.477611940298507898e-02
-4.477611940298507898e-02
-4.477611940298507898e-02
-4.477611940298507898e-02
-4.477611940298507898e-02
-4.444444444444444614e-02
-4.444444444444444614e-02
-4.444444444444444614e-02
-4.444444444444444614e-02
-4.444444444444444614e-02
-4.411764705882353227e-02
-4.411764705882353227e-02
-4.411764705882353227e-02
-4.411764705882353227e-02
-4.411764705882353227e-02
-4.379562043795620641e-02
-4.379562043795620641e-02
-4.379562043795620641e-02
-4.379562043795620641e-02
-4.379562043795620641e-02
-4.347826086956522312e-02
-4.347826086956522312e-02
-4.347826086956522312e-02
-4.347826086956522312e-02
-4.347826086956522312e-02
-4.316546762589928282e-02
-4.316546762589928282e-02
-4.316546762589928282e-02
-4.316546762589928282e-02
0.000000000000000000e+00
0.000000000000000000e+00
0.000000000000000000e+00
0.000000000000000000e+00
0.000000000000000000e+00
0.000000000000000000e+00
0.000000000000000000e+00
0.000000000000000000e+00
0.000000000000000000e+00
0.000000000000000000e+00
0.000000000000000000e+00
0.000000000000000000e+00
0.000000000000000000e+00
0.000000000000000000e+00
0.000000000000000000e+00
0.000000000000000000e+00
0.000000000000000000e+00
0.000000000000000000e+00
0.000000000000000000e+00
0.000000000000000000e+00
0.000000000000000000e+00
0.000000000000000000e+00
0.000000000000000000e+00
0.000000000000000000e+00
0.000000000000000000e+00
0.000000000000000000e+00
0.000000000000000000e+00
0.000000000000000000e+00
0.000000000000000000e+00
0.000000000000000000e+00
0.000000000000000000e+00
0.000000000000000000e+00
0.000000000000000000e+00
0.000000000000000000e+00
0.000000000000000000e+00
0.000000000000000000e+00
0.000000000000000000e+00
0.000000000000000000e+00
0.000000000000000000e+00
0.000000000000000000e+00
0.000000000000000000e+00
0.000000000000000000e+00
0.000000000000000000e+00
0.000000000000000000e+00
0.000000000000000000e+00
0.000000000000000000e+00
0.000000000000000000e+00
0.000000000000000000e+00
0.000000000000000000e+00
0.000000000000000000e+00
0.000000000000000000e+00
0.000000000000000000e+00
0.000000000000000000e+00
0.000000000000000000e+00
0.000000000000000000e+00
0.000000000000000000e+00
0.000000000000000000e+00
0.000000000000000000e+00
0.000000000000000000e+00
0.000000000000000000e+00
0.000000000000000000e+00
0.000000000000000000e+00
0.000000000000000000e+00
0.000000000000000000e+00
0.000000000000000000e+00
0.000000000000000000e+00
0.000000000000000000e+00
0.000000000000000000e+00
0.000000000000000000e+00
0.000000000000000000e+00
0.000000000000000000e+00
0.000000000000000000e+00
0.000000000000000000e+00
0.000000000000000000e+00
0.000000000000000000e+00
0.000000000000000000e+00
0.000000000000000000e+00
0.000000000000000000e+00
0.000000000000000000e+00
0.000000000000000000e+00
0.000000000000000000e+00
0.000000000000000000e+00
0.000000000000000000e+00
0.000000000000000000e+00
0.000000000000000000e+00
0.000000000000000000e+00
0.000000000000000000e+00
0.000000000000000000e+00
0.000000000000000000e+00
0.000000000000000000e+00
0.000000000000000000e+00
0.000000000000000000e+00
0.000000000000000000e+00
0.000000000000000000e+00
0.000000000000000000e+00
0.000000000000000000e+00
0.000000000000000000e+00
0.000000000000000000e+00
0.000000000000000000e+00
0.000000000000000000e+00
0.000000000000000000e+00
0.000000000000000000e+00
0.000000000000000000e+00
0.000000000000000000e+00
0.000000000000000000e+00
0.000000000000000000e+00
0.000000000000000000e+00
0.000000000000000000e+00
0.000000000000000000e+00
0.000000000000000000e+00
0.000000000000000000e+00
0.000000000000000000e+00
0.000000000000000000e+00
0.000000000000000000e+00
0.000000000000000000e+00
0.000000000000000000e+00
0.000000000000000000e+00
0.000000000000000000e+00
0.000000000000000000e+00
0.000000000000000000e+00
0.000000000000000000e+00
0.000000000000000000e+00
0.000000000000000000e+00
0.000000000000000000e+00
0.000000000000000000e+00
0.000000000000000000e+00
0.000000000000000000e+00
0.000000000000000000e+00
0.000000000000000000e+00
0.000000000000000000e+00
0.000000000000000000e+00
0.000000000000000000e+00
0.000000000000000000e+00
0.000000000000000000e+00
0.000000000000000000e+00
0.000000000000000000e+00
0.000000000000000000e+00
0.000000000000000000e+00
0.000000000000000000e+00
0.000000000000000000e+00
0.000000000000000000e+00
0.000000000000000000e+00
-3.571428571428571230e-02
-3.571428571428571230e-02
-3.571428571428571230e-02
-3.571428571428571230e-02
-3.550295857988165771e-02
-3.550295857988165771e-02
-3.550295857988165771e-02
-3.550295857988165771e-02
-3.550295857988165771e-02
-3.529411764705882304e-02
-3.529411764705882304e-02
-3.529411764705882304e-02
-3.529411764705882304e-02
-3.529411764705882304e-02
-3.508771929824561209e-02
-3.508771929824561209e-02
-3.508771929824561209e-02
-3.508771929824561209e-02
-3.508771929824561209e-02
-3.488372093023255766e-02
-3.488372093023255766e-02
-3.488372093023255766e-02
-3.488372093023255766e-02
-3.488372093023255766e-02
-3.468208092485549482e-02
-3.468208092485549482e-02
-3.468208092485549482e-02
-3.468208092485549482e-02
-3.468208092485549482e-02
-3.448275862068965469e-02
-3.448275862068965469e-02
-3.448275862068965469e-02
-3.448275862068965469e-02
-3.448275862068965469e-02
-3.428571428571428742e-02
-3.428571428571428742e-02
-3.428571428571428742e-02
-3.428571428571428742e-02
-3.428571428571428742e-02
-3.409090909090909532e-02
-3.409090909090909532e-02
-3.409090909090909532e-02
-3.409090909090909532e-02
-3.409090909090909532e-02
-3.389830508474576259e-02
-3.389830508474576259e-02
-3.389830508474576259e-02
-3.389830508474576259e-02
-3.389830508474576259e-02
-3.370786516853932491e-02
-3.370786516853932491e-02
-3.370786516853932491e-02
-3.370786516853932491e-02
-3.370786516853932491e-02
-3.351955307262570460e-02
-3.351955307262570460e-02
-3.351955307262570460e-02
-3.351955307262570460e-02
-3.351955307262570460e-02
-3.333333333333333981e-02
-3.333333333333333981e-02
-3.333333333333333981e-02
-3.333333333333333981e-02
-3.333333333333333981e-02
-3.314917127071823066e-02
-3.314917127071823066e-02
-3.314917127071823066e-02
-3.314917127071823066e-02
-3.314917127071823066e-02
-3.296703296703297481e-02
-3.296703296703297481e-02
-3.296703296703297481e-02
-3.296703296703297481e-02
-3.296703296703297481e-02
-3.278688524590164105e-02
-3.278688524590164105e-02
-3.278688524590164105e-02
-3.278688524590164105e-02
-3.278688524590164105e-02
-3.260869565217391214e-02
-3.260869565217391214e-02
-3.260869565217391214e-02
-3.260869565217391214e-02
-3.260869565217391214e-02
-3.243243243243243423e-02
-3.243243243243243423e-02
-3.243243243243243423e-02
-3.243243243243243423e-02
-3.243243243243243423e-02
-3.225806451612903830e-02
-3.225806451612903830e-02
-3.225806451612903830e-02
-3.225806451612903830e-02
-3.225806451612903830e-02
-3.208556149732620655e-02
-3.208556149732620655e-02
-3.208556149732620655e-02
-3.208556149732620655e-02
-3.208556149732620655e-02
-3.191489361702128102e-02
-3.191489361702128102e-02
-3.191489361702128102e-02
-3.191489361702128102e-02
-3.191489361702128102e-02
-3.174603174603174427e-02
-3.174603174603174427e-02
-3.174603174603174427e-02
-3.174603174603174427e-02
-3.174603174603174427e-02
-3.157894736842105365e-02
-3.157894736842105365e-02
-3.157894736842105365e-02
-3.157894736842105365e-02
-3.157894736842105365e-02
-3.141361256544503155e-02
-3.141361256544503155e-02
-3.141361256544503155e-02
-3.141361256544503155e-02
-3.141361256544503155e-02
-3.125000000000000000e-02
-3.125000000000000000e-02
-3.125000000000000000e-02
-3.125000000000000000e-02
-3.125000000000000000e-02
-3.108808290155440704e-02
-3.108808290155440704e-02
-3.108808290155440704e-02
-3.108808290155440704e-02
-3.108808290155440704e-02
-3.092783505154639290e-02
-3.092783505154639290e-02
-3.092783505154639290e-02
-3.092783505154639290e-02
-3.092783505154639290e-02
-3.076923076923077094e-02
-3.076923076923077094e-02
-3.076923076923077094e-02
-3.076923076923077094e-02
-3.076923076923077094e-02
-3.061224489795918297e-02
-3.061224489795918297e-02
-3.061224489795918297e-02
-3.061224489795918297e-02
-3.061224489795918297e-02
-3.045685279187817021e-02
-3.045685279187817021e-02
-3.045685279187817021e-02
-3.045685279187817021e-02
-3.045685279187817021e-02
-3.030303030303030734e-02
-3.030303030303030734e-02
-3.030303030303030734e-02
-3.030303030303030734e-02
-3.030303030303030734e-02
-3.015075376884422328e-02
-3.015075376884422328e-02
-3.015075376884422328e-02
-3.015075376884422328e-02
-3.015075376884422328e-02
-3.000000000000000236e-02
-3.000000000000000236e-02
-3.000000000000000236e-02
-3.000000000000000236e-02
-3.000000000000000236e-02
-2.985074626865671585e-02
-2.985074626865671585e-02
-2.985074626865671585e-02
-2.985074626865671585e-02
-2.985074626865671585e-02
-2.970297029702970507e-02
-2.970297029702970507e-02
-2.970297029702970507e-02
-2.970297029702970507e-02
-2.970297029702970507e-02
-2.955665024630542079e-02
-2.955665024630542079e-02
-2.955665024630542079e-02
-2.955665024630542079e-02
-2.955665024630542079e-02
-2.941176470588235253e-02
-2.941176470588235253e-02
-2.941176470588235253e-02
-2.941176470588235253e-02
-2.941176470588235253e-02
-2.926829268292683098e-02
-2.926829268292683098e-02
-2.926829268292683098e-02
-2.926829268292683098e-02
-2.926829268292683098e-02
-2.912621359223300718e-02
-2.912621359223300718e-02
-2.912621359223300718e-02
-2.912621359223300718e-02
-2.912621359223300718e-02
-2.898550724637681195e-02
-2.898550724637681195e-02
-2.898550724637681195e-02
-2.898550724637681195e-02
-2.898550724637681195e-02
-2.884615384615384776e-02
-2.884615384615384776e-02
-2.884615384615384776e-02
-2.884615384615384776e-02
-2.884615384615384776e-02
-2.870813397129186664e-02
-2.870813397129186664e-02
-2.870813397129186664e-02
-2.870813397129186664e-02
-2.870813397129186664e-02
-2.857142857142857401e-02
0.000000000000000000e+00
0.000000000000000000e+00
0.000000000000000000e+00
0.000000000000000000e+00
0.000000000000000000e+00
0.000000000000000000e+00
0.000000000000000000e+00
0.000000000000000000e+00
0.000000000000000000e+00
0.000000000000000000e+00
0.000000000000000000e+00
0.000000000000000000e+00
0.000000000000000000e+00
0.000000000000000000e+00
0.000000000000000000e+00
0.000000000000000000e+00
0.000000000000000000e+00
0.000000000000000000e+00
0.000000000000000000e+00
0.000000000000000000e+00
0.000000000000000000e+00
0.000000000000000000e+00
0.000000000000000000e+00
0.000000000000000000e+00
0.000000000000000000e+00
0.000000000000000000e+00
0.000000000000000000e+00
0.000000000000000000e+00
0.000000000000000000e+00
0.000000000000000000e+00
0.000000000000000000e+00
0.000000000000000000e+00
0.000000000000000000e+00
0.000000000000000000e+00
0.000000000000000000e+00
0.000000000000000000e+00
0.000000000000000000e+00
0.000000000000000000e+00
0.000000000000000000e+00
0.000000000000000000e+00
0.000000000000000000e+00
0.000000000000000000e+00
0.000000000000000000e+00
0.000000000000000000e+00
0.000000000000000000e+00
0.000000000000000000e+00
0.000000000000000000e+00
0.000000000000000000e+00
0.000000000000000000e+00
0.000000000000000000e+00
0.000000000000000000e+00
0.000000000000000000e+00
0.000000000000000000e+00
0.000000000000000000e+00
0.000000000000000000e+00
0.000000000000000000e+00
0.000000000000000000e+00
0.000000000000000000e+00
0.000000000000000000e+00
0.000000000000000000e+00
0.000000000000000000e+00
0.000000000000000000e+00
0.000000000000000000e+00
0.000000000000000000e+00
0.000000000000000000e+00
-2.690582959641255739e-02
-2.690582959641255739e-02
-2.690582959641255739e-02
-2.690582959641255739e-02
-2.678571428571428423e-02
-2.678571428571428423e-02
-2.678571428571428423e-02
-2.678571428571428423e-02
-2.678571428571428423e-02
-2.666666666666666838e-02
-2.666666666666666838e-02
-2.666666666666666838e-02
-2.666666666666666838e-02
-2.666666666666666838e-02
-2.654867256637168105e-02
-2.654867256637168105e-02
-2.654867256637168105e-02
-2.654867256637168105e-02
-2.654867256637168105e-02
-2.643171806167401300e-02
-2.643171806167401300e-02
-2.643171806167401300e-02
-2.643171806167401300e-02
-2.643171806167401300e-02
-2.631578947368420907e-02
-2.631578947368420907e-02
-2.631578947368420907e-02
-2.631578947368420907e-02
-2.631578947368420907e-02
-2.620087336244541348e-02
-2.620087336244541348e-02
-2.620087336244541348e-02
-2.620087336244541348e-02
-2.620087336244541348e-02
-2.608695652173913249e-02
-2.608695652173913249e-02
-2.608695652173913249e-02
-2.608695652173913249e-02
-2.608695652173913249e-02
-2.597402597402597574e-02
-2.597402597402597574e-02
-2.597402597402597574e-02
-2.597402597402597574e-02
-2.597402597402597574e-02
-2.586206896551724102e-02
-2.586206896551724102e-02
-2.586206896551724102e-02
-2.586206896551724102e-02
-2.586206896551724102e-02
-2.575107296137339047e-02
-2.575107296137339047e-02
-2.575107296137339047e-02
-2.575107296137339047e-02
-2.575107296137339047e-02
-2.564102564102564361e-02
-2.564102564102564361e-02
-2.564102564102564361e-02
-2.564102564102564361e-02
-2.564102564102564361e-02
-2.553191489361702343e-02
-2.553191489361702343e-02
-2.553191489361702343e-02
-2.553191489361702343e-02
-2.553191489361702343e-02
-2.542372881355932368e-02
-2.542372881355932368e-02
-2.542372881355932368e-02
-2.542372881355932368e-02
-2.542372881355932368e-02
-2.531645569620253125e-02
-2.531645569620253125e-02
-2.531645569620253125e-02
-2.531645569620253125e-02
-2.531645569620253125e-02
-2.521008403361344602e-02
-2.521008403361344602e-02
-2.521008403361344602e-02
-2.521008403361344602e-02
-2.521008403361344602e-02
-2.510460251046025063e-02
-2.510460251046025063e-02
-2.510460251046025063e-02
-2.510460251046025063e-02
-2.510460251046025063e-02
-2.500000000000000139e-02
-2.500000000000000139e-02
-2.500000000000000139e-02
-2.500000000000000139e-02
-2.500000000000000139e-02
-2.489626556016597686e-02
-2.489626556016597686e-02
-2.489626556016597686e-02
-2.489626556016597686e-02
-2.489626556016597686e-02
-2.479338842975206680e-02
-2.479338842975206680e-02
-2.479338842975206680e-02
-2.479338842975206680e-02
-2.479338842975206680e-02
-2.469135802469136012e-02
-2.469135802469136012e-02
-2.469135802469136012e-02
-2.469135802469136012e-02
-2.469135802469136012e-02
-2.459016393442623252e-02
-2.459016393442623252e-02
-2.459016393442623252e-02
-2.459016393442623252e-02
-2.459016393442623252e-02
-2.448979591836734915e-02
-2.448979591836734915e-02
-2.448979591836734915e-02
-2.448979591836734915e-02
-2.448979591836734915e-02
-2.439024390243902871e-02
-2.439024390243902871e-02
-2.439024390243902871e-02
-2.439024390243902871e-02
-2.439024390243902871e-02
-2.429149797570850228e-02
-2.429149797570850228e-02
-2.429149797570850228e-02
-2.429149797570850228e-02
-2.429149797570850228e-02
-2.419354838709677352e-02
-2.419354838709677352e-02
-2.419354838709677352e-02
-2.419354838709677352e-02
-2.419354838709677352e-02
-2.409638554216867248e-02
-2.409638554216867248e-02
-2.409638554216867248e-02
-2.409638554216867248e-02
-2.409638554216867248e-02
-2.400000000000000050e-02
-2.400000000000000050e-02
-2.400000000000000050e-02
-2.400000000000000050e-02
-2.400000000000000050e-02
-2.390438247011952150e-02
-2.390438247011952150e-02
-2.390438247011952150e-02
-2.390438247011952150e-02
-2.390438247011952150e-02
-2.380952380952380820e-02
-2.380952380952380820e-02
-2.380952380952380820e-02
-2.380952380952380820e-02
-2.380952380952380820e-02
-2.371541501976284425e-02
-2.371541501976284425e-02
-2.371541501976284425e-02
-2.371541501976284425e-02
-2.371541501976284425e-02
-2.362204724409448786e-02
-2.362204724409448786e-02
-2.362204724409448786e-02
-2.362204724409448786e-02
-2.362204724409448786e-02
-2.352941176470588203e-02
-2.352941176470588203e-02
-2.352941176470588203e-02
-2.352941176470588203e-02
-2.352941176470588203e-02
-2.343750000000000000e-02
-2.343750000000000000e-02
-2.343750000000000000e-02
-2.343750000000000000e-02
-2.343750000000000000e-02
-2.334630350194552562e-02
-2.334630350194552562e-02
-2.334630350194552562e-02
-2.334630350194552562e-02
-2.334630350194552562e-02
-2.325581395348837177e-02
-2.325581395348837177e-02
-2.325581395348837177e-02
-2.325581395348837177e-02
-2.325581395348837177e-02
-2.316602316602316830e-02
-2.316602316602316830e-02
-2.316602316602316830e-02
-2.316602316602316830e-02
-2.316602316602316830e-02
-2.307692307692307820e-02
-2.307692307692307820e-02
-2.307692307692307820e-02
-2.307692307692307820e-02
-2.307692307692307820e-02
-2.298850574712643646e-02
-2.298850574712643646e-02
-2.298850574712643646e-02
-2.298850574712643646e-02
-2.298850574712643646e-02
-2.290076335877862593e-02
-2.290076335877862593e-02
-2.290076335877862593e-02
-2.290076335877862593e-02
-2.290076335877862593e-02
-2.281368821292775739e-02
-2.281368821292775739e-02
-2.281368821292775739e-02
-2.281368821292775739e-02
-2.281368821292775739e-02
-2.272727272727272790e-02
-2.272727272727272790e-02
-2.272727272727272790e-02
-2.272727272727272790e-02
-2.272727272727272790e-02
-2.264150943396226606e-02
-2.264150943396226606e-02
-2.264150943396226606e-02
-2.264150943396226606e-02
-2.264150943396226606e-02
-2.255639097744360777e-02
-2.255639097744360777e-02
-2.255639097744360777e-02
-2.255639097744360777e-02
-2.255639097744360777e-02
-2.247191011235955341e-02
-2.247191011235955341e-02
-2.247191011235955341e-02
-2.247191011235955341e-02
-2.247191011235955341e-02
-2.238805970149253949e-02
-2.238805970149253949e-02
-2.238805970149253949e-02
-2.238805970149253949e-02
-2.238805970149253949e-02
-2.230483271375464580e-02
-2.230483271375464580e-02
-2.230483271375464580e-02
-2.230483271375464580e-02
-2.230483271375464580e-02
-2.222222222222222307e-02
-2.222222222222222307e-02
-2.222222222222222307e-02
-2.222222222222222307e-02
-2.222222222222222307e-02
-2.214022140221402410e-02
-2.214022140221402410e-02
-2.214022140221402410e-02
-2.214022140221402410e-02
-2.214022140221402410e-02
-2.205882352941176613e-02
-2.205882352941176613e-02
-2.205882352941176613e-02
-2.205882352941176613e-02
-2.205882352941176613e-02
-2.197802197802197974e-02
-2.197802197802197974e-02
-2.197802197802197974e-02
-2.197802197802197974e-02
-2.197802197802197974e-02
-2.189781021897810320e-02
-2.189781021897810320e-02
-2.189781021897810320e-02
-2.189781021897810320e-02
-2.189781021897810320e-02
-2.181818181818181990e-02
-2.181818181818181990e-02
-2.181818181818181990e-02
-2.181818181818181990e-02
-2.181818181818181990e-02
-2.173913043478261156e-02
-2.173913043478261156e-02
-2.173913043478261156e-02
-2.173913043478261156e-02
-2.173913043478261156e-02
-2.166064981949458734e-02
-2.166064981949458734e-02
-2.166064981949458734e-02
-4.332129963898917469e-02
-4.332129963898917469e-02
-4.316546762589928282e-02
-4.316546762589928282e-02
-4.316546762589928282e-02
-4.316546762589928282e-02
-2.158273381294964141e-02
-2.150537634408602322e-02
-2.150537634408602322e-02
-2.150537634408602322e-02
-2.150537634408602322e-02
-2.150537634408602322e-02
-2.142857142857142877e-02
-2.142857142857142877e-02
-2.142857142857142877e-02
-2.142857142857142877e-02
-2.142857142857142877e-02
-2.135231316725978712e-02
-2.135231316725978712e-02
-2.135231316725978712e-02
-2.135231316725978712e-02
-2.135231316725978712e-02
-2.127659574468085055e-02
-2.127659574468085055e-02
-2.127659574468085055e-02
-2.127659574468085055e-02
-2.127659574468085055e-02
-2.120141342756183891e-02
-2.120141342756183891e-02
-2.120141342756183891e-02
-2.120141342756183891e-02
-2.120141342756183891e-02
-2.112676056338028477e-02
-2.112676056338028477e-02
-2.112676056338028477e-02
-2.112676056338028477e-02
-2.112676056338028477e-02
-2.105263157894737142e-02
-2.105263157894737142e-02
-2.105263157894737142e-02
-2.105263157894737142e-02
-2.105263157894737142e-02
-2.097902097902097987e-02
-2.097902097902097987e-02
-2.097902097902097987e-02
-2.097902097902097987e-02
-2.097902097902097987e-02
-2.090592334494773691e-02
-2.090592334494773691e-02
-2.090592334494773691e-02
-2.090592334494773691e-02
-2.090592334494773691e-02
-2.083333333333333218e-02
-2.083333333333333218e-02
-2.083333333333333218e-02
-2.083333333333333218e-02
-2.083333333333333218e-02
-2.076124567474048679e-02
-2.076124567474048679e-02
-2.076124567474048679e-02
-2.076124567474048679e-02
-2.076124567474048679e-02
-2.068965517241379282e-02
-2.068965517241379282e-02
-2.068965517241379282e-02
-2.068965517241379282e-02
-2.068965517241379282e-02
-2.061855670103092744e-02
-2.061855670103092744e-02
-2.061855670103092744e-02
-2.061855670103092744e-02
-2.061855670103092744e-02
-2.054794520547945091e-02
-2.054794520547945091e-02
-2.054794520547945091e-02
-2.054794520547945091e-02
-2.054794520547945091e-02
-2.047781569965870588e-02
-2.047781569965870588e-02
-2.047781569965870588e-02
-2.047781569965870588e-02
-2.047781569965870588e-02
-2.040816326530612429e-02
-2.040816326530612429e-02
-2.040816326530612429e-02
-2.040816326530612429e-02
-2.040816326530612429e-02
-2.033898305084745964e-02
-2.033898305084745964e-02
-2.033898305084745964e-02
-2.033898305084745964e-02
-2.033898305084745964e-02
-2.027027027027027140e-02
-2.027027027027027140e-02
-2.027027027027027140e-02
-2.027027027027027140e-02
-2.027027027027027140e-02
-2.020202020202020374e-02
-2.020202020202020374e-02
-2.020202020202020374e-02
-2.020202020202020374e-02
-2.020202020202020374e-02
-2.013422818791946525e-02
-2.013422818791946525e-02
-2.013422818791946525e-02
-2.013422818791946525e-02
-2.013422818791946525e-02
-2.006688963210702392e-02
-2.006688963210702392e-02
-2.006688963210702392e-02
-2.006688963210702392e-02
-2.006688963210702392e-02
-2.000000000000000389e-02
-2.000000000000000389e-02
-2.000000000000000389e-02
-2.000000000000000389e-02
-2.000000000000000389e-02
-1.993355481727574971e-02
-1.993355481727574971e-02
-1.993355481727574971e-02
-1.993355481727574971e-02
-1.993355481727574971e-02
-1.986754966887417304e-02
-1.986754966887417304e-02
-1.986754966887417304e-02
-1.986754966887417304e-02
-1.986754966887417304e-02
-1.980198019801980222e-02
-1.980198019801980222e-02
-1.980198019801980222e-02
-1.980198019801980222e-02
-1.980198019801980222e-02
-1.973684210526315680e-02
-1.973684210526315680e-02
-1.973684210526315680e-02
-1.973684210526315680e-02
-1.973684210526315680e-02
-1.967213114754098532e-02
-1.967213114754098532e-02
-1.967213114754098532e-02
-1.967213114754098532e-02
-1.967213114754098532e-02
-1.960784313725490516e-02
-1.960784313725490516e-02
-1.960784313725490516e-02
-1.960784313725490516e-02
-1.960784313725490516e-02
-1.954397394136807992e-02
-1.954397394136807992e-02
-1.954397394136807992e-02
-1.954397394136807992e-02
-1.954397394136807992e-02
-1.948051948051948354e-02
-1.948051948051948354e-02
-1.948051948051948354e-02
-1.948051948051948354e-02
-1.948051948051948354e-02
-1.941747572815534159e-02
-1.941747572815534159e-02
-1.941747572815534159e-02
-1.941747572815534159e-02
-1.941747572815534159e-02
-1.935483870967742021e-02
-1.935483870967742021e-02
-1.935483870967742021e-02
-1.935483870967742021e-02
-1.935483870967742021e-02
-1.929260450160771856e-02
-1.929260450160771856e-02
-1.929260450160771856e-02
-1.929260450160771856e-02
-1.929260450160771856e-02
-1.923076923076923184e-02
-1.923076923076923184e-02
-1.923076923076923184e-02
-1.923076923076923184e-02
-1.923076923076923184e-02
-1.916932907348242732e-02
-1.916932907348242732e-02
-1.916932907348242732e-02
-1.916932907348242732e-02
-1.916932907348242732e-02
-1.910828025477707276e-02
-1.910828025477707276e-02
-1.910828025477707276e-02
-1.910828025477707276e-02
-1.910828025477707276e-02
-1.904761904761904934e-02
-1.904761904761904934e-02
-1.904761904761904934e-02
-1.904761904761904934e-02
-1.904761904761904934e-02
-1.898734177215189931e-02
-1.898734177215189931e-02
-1.898734177215189931e-02
-1.898734177215189931e-02
-1.898734177215189931e-02
-1.892744479495268167e-02
-1.892744479495268167e-02
-1.892744479495268167e-02
-1.892744479495268167e-02
-1.892744479495268167e-02
-1.886792452830188954e-02
-1.886792452830188954e-02
-1.886792452830188954e-02
-1.886792452830188954e-02
-1.886792452830188954e-02
-1.880877742946708564e-02
-1.880877742946708564e-02
-1.880877742946708564e-02
-1.880877742946708564e-02
-1.880877742946708564e-02
-1.875000000000000278e-02
-1.875000000000000278e-02
-1.875000000000000278e-02
-1.875000000000000278e-02
-1.875000000000000278e-02
-1.869158878504673105e-02
-1.869158878504673105e-02
-1.869158878504673105e-02
-1.869158878504673105e-02
-1.869158878504673105e-02
-1.863354037267080793e-02
-1.863354037267080793e-02
-1.863354037267080793e-02
-1.863354037267080793e-02
-1.863354037267080793e-02
-1.857585139318885734e-02
-1.857585139318885734e-02
-1.857585139318885734e-02
-1.857585139318885734e-02
-1.857585139318885734e-02
-1.851851851851851749e-02
-1.851851851851851749e-02
-1.851851851851851749e-02
-1.851851851851851749e-02
-1.851851851851851749e-02
-1.846153846153846326e-02
-1.846153846153846326e-02
-1.846153846153846326e-02
-1.846153846153846326e-02
-1.846153846153846326e-02
-1.840490797546012400e-02
-1.840490797546012400e-02
-1.840490797546012400e-02
-1.840490797546012400e-02
-1.840490797546012400e-02
-1.834862385321101019e-02
-1.834862385321101019e-02
-1.834862385321101019e-02
-1.834862385321101019e-02
-1.834862385321101019e-02
-1.829268292682927066e-02
-1.829268292682927066e-02
-1.829268292682927066e-02
-1.829268292682927066e-02
-1.829268292682927066e-02
-1.823708206686930344e-02
-1.823708206686930344e-02
-1.823708206686930344e-02
-1.823708206686930344e-02
-1.823708206686930344e-02
-1.818181818181818440e-02
-1.818181818181818440e-02
-1.818181818181818440e-02
-1.818181818181818440e-02
-1.818181818181818440e-02
-1.812688821752266033e-02
-1.812688821752266033e-02
-1.812688821752266033e-02
-1.812688821752266033e-02
-3.625377643504532066e-02
-3.614457831325301740e-02
-3.614457831325301740e-02
-3.614457831325301740e-02
-3.614457831325301740e-02
-3.614457831325301740e-02
-3.603603603603603572e-02
-3.603603603603603572e-02
-3.603603603603603572e-02
-3.603603603603603572e-02
-3.603603603603603572e-02
-3.592814371257485595e-02
-3.592814371257485595e-02
-3.592814371257485595e-02
-3.592814371257485595e-02
-3.592814371257485595e-02
-3.582089552238806179e-02
-3.582089552238806179e-02
-3.582089552238806179e-02
-3.582089552238806179e-02
-3.582089552238806179e-02
-3.571428571428571230e-02
-3.571428571428571230e-02
-3.571428571428571230e-02
-3.571428571428571230e-02
-3.571428571428571230e-02
-3.560830860534124759e-02
-3.560830860534124759e-02
-3.560830860534124759e-02
-3.560830860534124759e-02
-3.560830860534124759e-02
-3.550295857988165771e-02
-3.550295857988165771e-02
-3.550295857988165771e-02
-3.550295857988165771e-02
-3.550295857988165771e-02
-3.539823008849557473e-02
-3.539823008849557473e-02
-3.539823008849557473e-02
-3.539823008849557473e-02
-3.539823008849557473e-02
-3.529411764705882304e-02
-3.529411764705882304e-02
-3.529411764705882304e-02
-3.529411764705882304e-02
-3.529411764705882304e-02
-3.519061583577712954e-02
-3.519061583577712954e-02
-3.519061583577712954e-02
-3.519061583577712954e-02
-3.519061583577712954e-02
-3.508771929824561209e-02
-3.508771929824561209e-02
-3.508771929824561209e-02
-3.508771929824561209e-02
-3.508771929824561209e-02
-3.498542274052478251e-02
-3.498542274052478251e-02
-3.498542274052478251e-02
-3.498542274052478251e-02
-3.498542274052478251e-02
-3.488372093023255766e-02
-3.488372093023255766e-02
-3.488372093023255766e-02
-3.488372093023255766e-02
-3.488372093023255766e-02
-3.478260869565217434e-02
-3.478260869565217434e-02
-3.478260869565217434e-02
-3.478260869565217434e-02
-3.478260869565217434e-02
-3.468208092485549482e-02
-3.468208092485549482e-02
-3.468208092485549482e-02
-3.468208092485549482e-02
-1.734104046242774741e-02
-1.729106628242075075e-02
-1.729106628242075075e-02
-1.729106628242075075e-02
-1.729106628242075075e-02
-1.729106628242075075e-02
-1.724137931034482735e-02
-1.724137931034482735e-02
-1.724137931034482735e-02
-1.724137931034482735e-02
-1.724137931034482735e-02
-1.719197707736389719e-02
-1.719197707736389719e-02
-1.719197707736389719e-02
-1.719197707736389719e-02
-1.719197707736389719e-02
-1.714285714285714371e-02
-1.714285714285714371e-02
-1.714285714285714371e-02
-1.714285714285714371e-02
-1.714285714285714371e-02
-1.709401709401709574e-02
-1.709401709401709574e-02
-1.709401709401709574e-02
-1.709401709401709574e-02
-1.709401709401709574e-02
-1.704545454545454766e-02
-1.704545454545454766e-02
-1.704545454545454766e-02
-1.704545454545454766e-02
-1.704545454545454766e-02
-1.699716713881019997e-02
-1.699716713881019997e-02
-1.699716713881019997e-02
-1.699716713881019997e-02
-1.699716713881019997e-02
-1.694915254237288130e-02
-1.694915254237288130e-02
-1.694915254237288130e-02
-1.694915254237288130e-02
-1.694915254237288130e-02
-1.690140845070422712e-02
-1.690140845070422712e-02
-1.690140845070422712e-02
-1.690140845070422712e-02
-1.690140845070422712e-02
-1.685393258426966245e-02
-1.685393258426966245e-02
-1.685393258426966245e-02
-1.685393258426966245e-02
-1.685393258426966245e-02
-1.680672268907563299e-02
-1.680672268907563299e-02
-1.680672268907563299e-02
-1.680672268907563299e-02
-1.680672268907563299e-02
-1.675977653631285230e-02
-1.675977653631285230e-02
-1.675977653631285230e-02
-1.675977653631285230e-02
-1.675977653631285230e-02
-1.671309192200557195e-02
-1.671309192200557195e-02
-1.671309192200557195e-02
-1.671309192200557195e-02
-1.671309192200557195e-02
-1.666666666666666990e-02
-1.666666666666666990e-02
-1.666666666666666990e-02
-1.666666666666666990e-02
-1.666666666666666990e-02
-1.662049861495844966e-02
-1.662049861495844966e-02
-1.662049861495844966e-02
-1.662049861495844966e-02
-1.662049861495844966e-02
-1.657458563535911533e-02
-1.657458563535911533e-02
-1.657458563535911533e-02
-1.657458563535911533e-02
-1.657458563535911533e-02
-1.652892561983471120e-02
-1.652892561983471120e-02
-1.652892561983471120e-02
-1.652892561983471120e-02
-1.652892561983471120e-02
-1.648351648351648741e-02
-1.648351648351648741e-02
-1.648351648351648741e-02
-1.648351648351648741e-02
-1.648351648351648741e-02
-1.643835616438356351e-02
-1.643835616438356351e-02
-1.643835616438356351e-02
-1.643835616438356351e-02
-1.643835616438356351e-02
-1.639344262295082053e-02
-1.639344262295082053e-02
-1.639344262295082053e-02
-1.639344262295082053e-02
-1.639344262295082053e-02
-1.634877384196185487e-02
-1.634877384196185487e-02
-1.634877384196185487e-02
-1.634877384196185487e-02
-1.634877384196185487e-02
-1.630434782608695607e-02
-1.630434782608695607e-02
-1.630434782608695607e-02
-1.630434782608695607e-02
-1.630434782608695607e-02
-1.626016260162601798e-02
-1.626016260162601798e-02
-1.626016260162601798e-02
-1.626016260162601798e-02
-1.626016260162601798e-02
-1.621621621621621712e-02
-1.621621621621621712e-02
-1.621621621621621712e-02
-1.621621621621621712e-02
-1.621621621621621712e-02
-1.617250673854447526e-02
-1.617250673854447526e-02
-1.617250673854447526e-02
-1.617250673854447526e-02
-1.617250673854447526e-02
-1.612903225806451915e-02
-1.612903225806451915e-02
-1.612903225806451915e-02
-1.612903225806451915e-02
-1.612903225806451915e-02
-1.608579088471849897e-02
-1.608579088471849897e-02
-1.608579088471849897e-02
-1.608579088471849897e-02
-1.608579088471849897e-02
-1.604278074866310327e-02
-1.604278074866310327e-02
-1.604278074866310327e-02
-1.604278074866310327e-02
-1.604278074866310327e-02
-1.600000000000000033e-02
-1.600000000000000033e-02
-1.600000000000000033e-02
-1.600000000000000033e-02
-1.600000000000000033e-02
-1.595744680851064051e-02
-1.595744680851064051e-02
-1.595744680851064051e-02
-1.595744680851064051e-02
-1.595744680851064051e-02
-1.591511936339522551e-02
-1.591511936339522551e-02
-1.591511936339522551e-02
-1.591511936339522551e-02
-1.591511936339522551e-02
-1.587301587301587213e-02
-1.587301587301587213e-02
-1.587301587301587213e-02
-1.587301587301587213e-02
-1.587301587301587213e-02
-1.583113456464380064e-02
-1.583113456464380064e-02
-1.583113456464380064e-02
-1.583113456464380064e-02
-1.583113456464380064e-02
-1.578947368421052683e-02
-1.578947368421052683e-02
-1.578947368421052683e-02
-1.578947368421052683e-02
-1.578947368421052683e-02
-1.574803149606299191e-02
-1.574803149606299191e-02
-1.574803149606299191e-02
-1.574803149606299191e-02
-1.574803149606299191e-02
-1.570680628272251578e-02
-1.570680628272251578e-02
-1.570680628272251578e-02
-1.570680628272251578e-02
-1.570680628272251578e-02
-1.566579634464752152e-02
-1.566579634464752152e-02
-1.566579634464752152e-02
-1.566579634464752152e-02
-1.566579634464752152e-02
-1.562500000000000000e-02
-1.562500000000000000e-02
-1.562500000000000000e-02
-1.562500000000000000e-02
-1.562500000000000000e-02
-1.558441558441558440e-02
-1.558441558441558440e-02
-1.558441558441558440e-02
-1.558441558441558440e-02
-3.116883116883116880e-02
-3.108808290155440704e-02
-3.108808290155440704e-02
-3.108808290155440704e-02
-3.108808290155440704e-02
-3.108808290155440704e-02
-3.100775193798449916e-02
-3.100775193798449916e-02
-3.100775193798449916e-02
-3.100775193798449916e-02
-3.100775193798449916e-02
-3.092783505154639290e-02
-3.092783505154639290e-02
-3.092783505154639290e-02
-3.092783505154639290e-02
-3.092783505154639290e-02
-3.084832904884318716e-02
-3.084832904884318716e-02
-3.084832904884318716e-02
-3.084832904884318716e-02
-3.084832904884318716e-02
-3.076923076923077094e-02
-3.076923076923077094e-02
-3.076923076923077094e-02
-3.076923076923077094e-02
-3.076923076923077094e-02
-3.069053708439898123e-02
-3.069053708439898123e-02
-3.069053708439898123e-02
-3.069053708439898123e-02
-3.069053708439898123e-02
-3.061224489795918297e-02
-3.061224489795918297e-02
-3.061224489795918297e-02
-3.061224489795918297e-02
-3.061224489795918297e-02
-3.053435114503817022e-02
-3.053435114503817022e-02
-3.053435114503817022e-02
-3.053435114503817022e-02
-3.053435114503817022e-02
-3.045685279187817021e-02
-3.045685279187817021e-02
-3.045685279187817021e-02
-3.045685279187817021e-02
-3.045685279187817021e-02
-3.037974683544304028e-02
-3.037974683544304028e-02
-3.037974683544304028e-02
-3.037974683544304028e-02
-3.037974683544304028e-02
-3.030303030303030734e-02
-3.030303030303030734e-02
-3.030303030303030734e-02
-3.030303030303030734e-02
-3.030303030303030734e-02
-3.022670025188916795e-02
-3.022670025188916795e-02
-3.022670025188916795e-02
-3.022670025188916795e-02
-3.022670025188916795e-02
-3.015075376884422328e-02
-3.015075376884422328e-02
-3.015075376884422328e-02
-3.015075376884422328e-02
-3.015075376884422328e-02
-3.007518796992481036e-02
-3.007518796992481036e-02
-3.007518796992481036e-02
-3.007518796992481036e-02
-3.007518796992481036e-02
-3.000000000000000236e-02
-3.000000000000000236e-02
-3.000000000000000236e-02
-3.000000000000000236e-02
-3.000000000000000236e-02
-2.992518703241895187e-02
-2.992518703241895187e-02
-2.992518703241895187e-02
-2.992518703241895187e-02
-2.992518703241895187e-02
-2.985074626865671585e-02
-2.985074626865671585e-02
-2.985074626865671585e-02
-2.985074626865671585e-02
-2.985074626865671585e-02
-2.977667493796526052e-02
-2.977667493796526052e-02
-2.977667493796526052e-02
-2.977667493796526052e-02
-2.977667493796526052e-02
-2.970297029702970507e-02
-2.970297029702970507e-02
-2.970297029702970507e-02
-2.970297029702970507e-02
-2.970297029702970507e-02
-2.962962962962963076e-02
-2.962962962962963076e-02
-2.962962962962963076e-02
-2.962962962962963076e-02
-2.962962962962963076e-02
-2.955665024630542079e-02
-2.955665024630542079e-02
-2.955665024630542079e-02
-2.955665024630542079e-02
-2.955665024630542079e-02
-2.948402948402948504e-02
-2.948402948402948504e-02
-2.948402948402948504e-02
-2.948402948402948504e-02
-2.948402948402948504e-02
-2.941176470588235253e-02
-2.941176470588235253e-02
-2.941176470588235253e-02
-2.941176470588235253e-02
-2.941176470588235253e-02
-2.933985330073349621e-02
-2.933985330073349621e-02
-2.933985330073349621e-02
-2.933985330073349621e-02
-2.933985330073349621e-02
-2.926829268292683098e-02
-2.926829268292683098e-02
-2.926829268292683098e-02
-2.926829268292683098e-02
-2.926829268292683098e-02
-2.919708029197080543e-02
-2.919708029197080543e-02
-2.919708029197080543e-02
-2.919708029197080543e-02
-2.919708029197080543e-02
-2.912621359223300718e-02
-2.912621359223300718e-02
-2.912621359223300718e-02
-2.912621359223300718e-02
-2.912621359223300718e-02
-2.905569007263922657e-02
-2.905569007263922657e-02
-2.905569007263922657e-02
-2.905569007263922657e-02
-2.905569007263922657e-02
-2.898550724637681195e-02
-2.898550724637681195e-02
-2.898550724637681195e-02
-1.449275362318840597e-02
-1.449275362318840597e-02
-1.445783132530120696e-02
-1.445783132530120696e-02
-1.445783132530120696e-02
-1.445783132530120696e-02
-1.445783132530120696e-02
-1.442307692307692388e-02
-1.442307692307692388e-02
-1.442307692307692388e-02
-1.442307692307692388e-02
-1.442307692307692388e-02
-1.438848920863309254e-02
-1.438848920863309254e-02
-1.438848920863309254e-02
-1.438848920863309254e-02
-1.438848920863309254e-02
-1.435406698564593332e-02
-1.435406698564593332e-02
-1.435406698564593332e-02
-1.435406698564593332e-02
-1.435406698564593332e-02
-1.431980906921241116e-02
-1.431980906921241116e-02
-1.431980906921241116e-02
-1.431980906921241116e-02
-1.431980906921241116e-02
-1.428571428571428700e-02
-1.428571428571428700e-02
-1.428571428571428700e-02
-1.428571428571428700e-02
-1.428571428571428700e-02
-1.425178147268408614e-02
-1.425178147268408614e-02
-1.425178147268408614e-02
-1.425178147268408614e-02
-1.425178147268408614e-02
-1.421800947867298687e-02
-1.421800947867298687e-02
-1.421800947867298687e-02
-1.421800947867298687e-02
-1.421800947867298687e-02
-1.418439716312056703e-02
-1.418439716312056703e-02
-1.418439716312056703e-02
-1.418439716312056703e-02
-1.418439716312056703e-02
-1.415094339622641542e-02
-1.415094339622641542e-02
-1.415094339622641542e-02
-1.415094339622641542e-02
-1.415094339622641542e-02
-1.411764705882352818e-02
-1.411764705882352818e-02
-1.411764705882352818e-02
-1.411764705882352818e-02
-1.411764705882352818e-02
-1.408450704225352144e-02
-1.408450704225352144e-02
-1.408450704225352144e-02
-1.408450704225352144e-02
-1.408450704225352144e-02
-1.405152224824355971e-02
-1.405152224824355971e-02
-1.405152224824355971e-02
-1.405152224824355971e-02
-1.405152224824355971e-02
-1.401869158878504655e-02
-1.401869158878504655e-02
-1.401869158878504655e-02
-1.401869158878504655e-02
-1.401869158878504655e-02
-1.398601398601398600e-02
-1.398601398601398600e-02
-1.398601398601398600e-02
-1.398601398601398600e-02
-1.398601398601398600e-02
-1.395348837209302306e-02
-1.395348837209302306e-02
-1.395348837209302306e-02
-1.395348837209302306e-02
-1.395348837209302306e-02
-1.392111368909512703e-02
-1.392111368909512703e-02
-1.392111368909512703e-02
-1.392111368909512703e-02
-1.392111368909512703e-02
-1.388888888888888812e-02
-1.388888888888888812e-02
-1.388888888888888812e-02
-1.388888888888888812e-02
-1.388888888888888812e-02
-1.385681293302540480e-02
-1.385681293302540480e-02
-1.385681293302540480e-02
-1.385681293302540480e-02
-1.385681293302540480e-02
-1.382488479262672897e-02
-1.382488479262672897e-02
-1.382488479262672897e-02
-1.382488479262672897e-02
-1.382488479262672897e-02
-1.379310344827586188e-02
-1.379310344827586188e-02
-1.379310344827586188e-02
-1.379310344827586188e-02
-1.379310344827586188e-02
-1.376146788990825764e-02
-1.376146788990825764e-02
-1.376146788990825764e-02
-1.376146788990825764e-02
-1.376146788990825764e-02
-1.372997711670480639e-02
-1.372997711670480639e-02
-1.372997711670480639e-02
-1.372997711670480639e-02
-1.372997711670480639e-02
-1.369863013698630061e-02
-1.369863013698630061e-02
-1.369863013698630061e-02
-1.369863013698630061e-02
-1.369863013698630061e-02
-1.366742596810933963e-02
-1.366742596810933963e-02
-1.366742596810933963e-02
-1.366742596810933963e-02
-2.733485193621867926e-02
-2.727272727272727140e-02
-2.727272727272727140e-02
-2.727272727272727140e-02
-2.727272727272727140e-02
-2.727272727272727140e-02
-2.721088435374149905e-02
-2.721088435374149905e-02
-2.721088435374149905e-02
-2.721088435374149905e-02
-2.721088435374149905e-02
-2.714932126696832995e-02
-2.714932126696832995e-02
-2.714932126696832995e-02
-2.714932126696832995e-02
-2.714932126696832995e-02
-2.708803611738148931e-02
-2.708803611738148931e-02
-2.708803611738148931e-02
-2.708803611738148931e-02
-2.708803611738148931e-02
-2.702702702702702853e-02
-2.702702702702702853e-02
-2.702702702702702853e-02
-2.702702702702702853e-02
-2.702702702702702853e-02
-2.696629213483146478e-02
-2.696629213483146478e-02
-2.696629213483146478e-02
-2.696629213483146478e-02
-2.696629213483146478e-02
-2.690582959641255739e-02
-2.690582959641255739e-02
-2.690582959641255739e-02
-2.690582959641255739e-02
-2.690582959641255739e-02
-2.684563758389261687e-02
-2.684563758389261687e-02
-2.684563758389261687e-02
-2.684563758389261687e-02
-2.684563758389261687e-02
-2.678571428571428423e-02
-2.678571428571428423e-02
-2.678571428571428423e-02
-2.678571428571428423e-02
-2.678571428571428423e-02
-2.672605790645879789e-02
-2.672605790645879789e-02
-2.672605790645879789e-02
-2.672605790645879789e-02
-2.672605790645879789e-02
-2.666666666666666838e-02
-2.666666666666666838e-02
-2.666666666666666838e-02
-2.666666666666666838e-02
-2.666666666666666838e-02
-2.660753880266075386e-02
-2.660753880266075386e-02
-2.660753880266075386e-02
-2.660753880266075386e-02
-2.660753880266075386e-02
-2.654867256637168105e-02
-2.654867256637168105e-02
-2.654867256637168105e-02
-2.654867256637168105e-02
-2.654867256637168105e-02
-2.649006622516556289e-02
-2.649006622516556289e-02
-2.649006622516556289e-02
-2.649006622516556289e-02
-2.649006622516556289e-02
-2.643171806167401300e-02
-2.643171806167401300e-02
-2.643171806167401300e-02
-2.643171806167401300e-02
-2.643171806167401300e-02
-2.637362637362637360e-02
-2.637362637362637360e-02
-2.637362637362637360e-02
-2.637362637362637360e-02
-2.637362637362637360e-02
-2.631578947368420907e-02
-2.631578947368420907e-02
-2.631578947368420907e-02
-2.631578947368420907e-02
-2.631578947368420907e-02
-2.625820568927789839e-02
-2.625820568927789839e-02
-2.625820568927789839e-02
-2.625820568927789839e-02
-2.625820568927789839e-02
-2.620087336244541348e-02
-2.620087336244541348e-02
-2.620087336244541348e-02
-2.620087336244541348e-02
-2.620087336244541348e-02
-2.614379084967320688e-02
-2.614379084967320688e-02
-2.614379084967320688e-02
-2.614379084967320688e-02
-2.614379084967320688e-02
-2.608695652173913249e-02
-2.608695652173913249e-02
-2.608695652173913249e-02
-2.608695652173913249e-02
-2.608695652173913249e-02
-2.603036876355748624e-02
-2.603036876355748624e-02
-2.603036876355748624e-02
-2.603036876355748624e-02
-2.603036876355748624e-02
-2.597402597402597574e-02
-2.597402597402597574e-02
-2.597402597402597574e-02
-2.597402597402597574e-02
-2.597402597402597574e-02
-2.591792656587473334e-02
-2.591792656587473334e-02
-2.591792656587473334e-02
-2.591792656587473334e-02
-2.591792656587473334e-02
-2.586206896551724102e-02
-2.586206896551724102e-02
-2.586206896551724102e-02
-2.586206896551724102e-02
-2.586206896551724102e-02
-2.580645161290322578e-02
-2.580645161290322578e-02
-2.580645161290322578e-02
-2.580645161290322578e-02
-2.580645161290322578e-02
-2.575107296137339047e-02
-2.575107296137339047e-02
-2.575107296137339047e-02
-2.575107296137339047e-02
-2.575107296137339047e-02
-2.569593147751606313e-02
-2.569593147751606313e-02
-2.569593147751606313e-02
-2.569593147751606313e-02
-2.569593147751606313e-02
-2.564102564102564361e-02
-2.564102564102564361e-02
-2.564102564102564361e-02
-2.564102564102564361e-02
-2.564102564102564361e-02
-2.558635394456289930e-02
-2.558635394456289930e-02
-2.558635394456289930e-02
-2.558635394456289930e-02
-2.558635394456289930e-02
-2.553191489361702343e-02
-2.553191489361702343e-02
-2.553191489361702343e-02
-2.553191489361702343e-02
-2.553191489361702343e-02
-2.547770700636942803e-02
-2.547770700636942803e-02
-2.547770700636942803e-02
-2.547770700636942803e-02
-2.547770700636942803e-02
-2.542372881355932368e-02
-2.542372881355932368e-02
-2.542372881355932368e-02
-2.542372881355932368e-02
-2.542372881355932368e-02
-2.536997885835095418e-02
-2.536997885835095418e-02
-2.536997885835095418e-02
-2.536997885835095418e-02
-2.536997885835095418e-02
-2.531645569620253125e-02
-2.531645569620253125e-02
-2.531645569620253125e-02
-2.531645569620253125e-02
-2.531645569620253125e-02
-2.526315789473684154e-02
-2.526315789473684154e-02
-2.526315789473684154e-02
-2.526315789473684154e-02
-2.526315789473684154e-02
-2.521008403361344602e-02
-2.521008403361344602e-02
-2.521008403361344602e-02
-2.521008403361344602e-02
-2.521008403361344602e-02
-2.515723270440251708e-02
-2.515723270440251708e-02
-2.515723270440251708e-02
-2.515723270440251708e-02
-2.515723270440251708e-02
-2.510460251046025063e-02
-2.510460251046025063e-02
-2.510460251046025063e-02
-2.510460251046025063e-02
-2.510460251046025063e-02
-2.505219206680584301e-02
-2.505219206680584301e-02
-2.505219206680584301e-02
-2.505219206680584301e-02
-2.505219206680584301e-02
-2.500000000000000139e-02
-2.500000000000000139e-02
-2.500000000000000139e-02
-2.500000000000000139e-02
-2.500000000000000139e-02
-2.494802494802494941e-02
-2.494802494802494941e-02
-2.494802494802494941e-02
-2.494802494802494941e-02
-2.494802494802494941e-02
-2.489626556016597686e-02
-1.244813278008298843e-02
-1.244813278008298843e-02
-1.244813278008298843e-02
-1.244813278008298843e-02
-1.242236024844720586e-02
-1.242236024844720586e-02
-1.242236024844720586e-02
-1.242236024844720586e-02
-1.242236024844720586e-02
-1.239669421487603340e-02
-1.239669421487603340e-02
-1.239669421487603340e-02
-1.239669421487603340e-02
-1.239669421487603340e-02
-1.237113402061855785e-02
-1.237113402061855785e-02
-1.237113402061855785e-02
-1.237113402061855785e-02
-1.237113402061855785e-02
-1.234567901234568006e-02
-1.234567901234568006e-02
-1.234567901234568006e-02
-1.234567901234568006e-02
-1.234567901234568006e-02
-1.232032854209445631e-02
-1.232032854209445631e-02
-1.232032854209445631e-02
-1.232032854209445631e-02
-1.232032854209445631e-02
-1.229508196721311626e-02
-1.229508196721311626e-02
-1.229508196721311626e-02
-1.229508196721311626e-02
-1.229508196721311626e-02
-1.226993865030675049e-02
-1.226993865030675049e-02
-1.226993865030675049e-02
-1.226993865030675049e-02
-1.226993865030675049e-02
-1.224489795918367457e-02
-1.224489795918367457e-02
-1.224489795918367457e-02
-1.224489795918367457e-02
-1.224489795918367457e-02
-1.221995926680244371e-02
-1.221995926680244371e-02
-1.221995926680244371e-02
-1.221995926680244371e-02
-1.221995926680244371e-02
-1.219512195121951435e-02
-1.219512195121951435e-02
-1.219512195121951435e-02
-1.219512195121951435e-02
-1.219512195121951435e-02
-1.217038539553752519e-02
-1.217038539553752519e-02
-1.217038539553752519e-02
-1.217038539553752519e-02
-2.434077079107505037e-02
-2.429149797570850228e-02
-2.429149797570850228e-02
-2.429149797570850228e-02
-2.429149797570850228e-02
-2.429149797570850228e-02
-2.424242424242424240e-02
-2.424242424242424240e-02
-2.424242424242424240e-02
-2.424242424242424240e-02
-2.424242424242424240e-02
-2.419354838709677352e-02
-2.419354838709677352e-02
-2.419354838709677352e-02
-2.419354838709677352e-02
-2.419354838709677352e-02
-2.414486921529175253e-02
-2.414486921529175253e-02
-2.414486921529175253e-02
-2.414486921529175253e-02
-2.414486921529175253e-02
-2.409638554216867248e-02
-2.409638554216867248e-02
-2.409638554216867248e-02
-2.409638554216867248e-02
-2.409638554216867248e-02
-2.404809619238476928e-02
-2.404809619238476928e-02
-2.404809619238476928e-02
-2.404809619238476928e-02
-2.404809619238476928e-02
-2.400000000000000050e-02
-2.400000000000000050e-02
-2.400000000000000050e-02
-2.400000000000000050e-02
-2.400000000000000050e-02
-2.395209580838323152e-02
-2.395209580838323152e-02
-2.395209580838323152e-02
-2.395209580838323152e-02
-2.395209580838323152e-02
-2.390438247011952150e-02
-2.390438247011952150e-02
-2.390438247011952150e-02
-2.390438247011952150e-02
-2.390438247011952150e-02
-2.385685884691848835e-02
-2.385685884691848835e-02
-2.385685884691848835e-02
-2.385685884691848835e-02
-2.385685884691848835e-02
-2.380952380952380820e-02
-2.380952380952380820e-02
-2.380952380952380820e-02
-2.380952380952380820e-02
-2.380952380952380820e-02
-2.376237623762376266e-02
-2.376237623762376266e-02
-2.376237623762376266e-02
-2.376237623762376266e-02
-2.376237623762376266e-02
-2.371541501976284425e-02
-2.371541501976284425e-02
-2.371541501976284425e-02
-2.371541501976284425e-02
-2.371541501976284425e-02
-2.366863905325444078e-02
-2.366863905325444078e-02
-2.366863905325444078e-02
-2.366863905325444078e-02
-2.366863905325444078e-02
-2.362204724409448786e-02
-2.362204724409448786e-02
-2.362204724409448786e-02
-2.362204724409448786e-02
-2.362204724409448786e-02
-2.357563850687622795e-02
-2.357563850687622795e-02
-2.357563850687622795e-02
-2.357563850687622795e-02
-2.357563850687622795e-02
-2.352941176470588203e-02
-2.352941176470588203e-02
-2.352941176470588203e-02
-2.352941176470588203e-02
-2.352941176470588203e-02
-2.348336594911937247e-02
-2.348336594911937247e-02
-2.348336594911937247e-02
-2.348336594911937247e-02
-2.348336594911937247e-02
-2.343750000000000000e-02
-2.343750000000000000e-02
-2.343750000000000000e-02
-2.343750000000000000e-02
-2.343750000000000000e-02
-2.339181286549707472e-02
-2.339181286549707472e-02
-2.339181286549707472e-02
-2.339181286549707472e-02
-2.339181286549707472e-02
-2.334630350194552562e-02
-2.334630350194552562e-02
-2.334630350194552562e-02
-2.334630350194552562e-02
-2.334630350194552562e-02
-2.330097087378640852e-02
-2.330097087378640852e-02
-2.330097087378640852e-02
-2.330097087378640852e-02
-2.330097087378640852e-02
-2.325581395348837177e-02
-2.325581395348837177e-02
-2.325581395348837177e-02
-2.325581395348837177e-02
-2.325581395348837177e-02
-2.321083172147002036e-02
-2.321083172147002036e-02
-2.321083172147002036e-02
-2.321083172147002036e-02
-2.321083172147002036e-02
-2.316602316602316830e-02
-2.316602316602316830e-02
-2.316602316602316830e-02
-2.316602316602316830e-02
-2.316602316602316830e-02
-2.312138728323699655e-02
-2.312138728323699655e-02
-2.312138728323699655e-02
-2.312138728323699655e-02
-2.312138728323699655e-02
-2.307692307692307820e-02
-2.307692307692307820e-02
-2.307692307692307820e-02
-2.307692307692307820e-02
-2.307692307692307820e-02
-2.303262955854126770e-02
-2.303262955854126770e-02
-2.303262955854126770e-02
-2.303262955854126770e-02
-2.303262955854126770e-02
-2.298850574712643646e-02
-2.298850574712643646e-02
-2.298850574712643646e-02
-2.298850574712643646e-02
-2.298850574712643646e-02
-2.294455066921606209e-02
-2.294455066921606209e-02
-2.294455066921606209e-02
-2.294455066921606209e-02
-2.294455066921606209e-02
-2.290076335877862593e-02
-2.290076335877862593e-02
-2.290076335877862593e-02
-2.290076335877862593e-02
-2.290076335877862593e-02
-2.285714285714285712e-02
-2.285714285714285712e-02
-2.285714285714285712e-02
-2.285714285714285712e-02
-2.285714285714285712e-02
-2.281368821292775739e-02
-2.281368821292775739e-02
-2.281368821292775739e-02
-2.281368821292775739e-02
-2.281368821292775739e-02
-2.277039848197343758e-02
-2.277039848197343758e-02
-2.277039848197343758e-02
-2.277039848197343758e-02
-2.277039848197343758e-02
-2.272727272727272790e-02
-2.272727272727272790e-02
-2.272727272727272790e-02
-2.272727272727272790e-02
-2.272727272727272790e-02
-2.268431001890359316e-02
-2.268431001890359316e-02
-2.268431001890359316e-02
-2.268431001890359316e-02
-2.268431001890359316e-02
-2.264150943396226606e-02
-2.264150943396226606e-02
-2.264150943396226606e-02
-2.264150943396226606e-02
-2.264150943396226606e-02
-2.259887005649717506e-02
-2.259887005649717506e-02
-2.259887005649717506e-02
-2.259887005649717506e-02
-2.259887005649717506e-02
-2.255639097744360777e-02
-2.255639097744360777e-02
-2.255639097744360777e-02
-2.255639097744360777e-02
-2.255639097744360777e-02
-2.251407129455909942e-02
-2.251407129455909942e-02
-2.251407129455909942e-02
-2.251407129455909942e-02
-2.251407129455909942e-02
-2.247191011235955341e-02
-2.247191011235955341e-02
-2.247191011235955341e-02
-2.247191011235955341e-02
-2.247191011235955341e-02
-2.242990654205607656e-02
-2.242990654205607656e-02
-2.242990654205607656e-02
-2.242990654205607656e-02
-2.242990654205607656e-02
-2.238805970149253949e-02
-2.238805970149253949e-02
-2.238805970149253949e-02
-2.238805970149253949e-02
-2.238805970149253949e-02
-2.234636871508379960e-02
-2.234636871508379960e-02
-2.234636871508379960e-02
-2.234636871508379960e-02
-2.234636871508379960e-02
-2.230483271375464580e-02
-2.230483271375464580e-02
-2.230483271375464580e-02
-2.230483271375464580e-02
-2.230483271375464580e-02
-2.226345083487940926e-02
-2.226345083487940926e-02
-2.226345083487940926e-02
-2.226345083487940926e-02
-2.226345083487940926e-02
-2.222222222222222307e-02
-2.222222222222222307e-02
-2.222222222222222307e-02
-2.222222222222222307e-02
-2.222222222222222307e-02
-2.218114602587800341e-02
-2.218114602587800341e-02
-2.218114602587800341e-02
-2.218114602587800341e-02
-2.218114602587800341e-02
-2.214022140221402410e-02
-2.214022140221402410e-02
-2.214022140221402410e-02
-2.214022140221402410e-02
-2.214022140221402410e-02
-2.209944751381215725e-02
-2.209944751381215725e-02
-2.209944751381215725e-02
-2.209944751381215725e-02
-2.209944751381215725e-02
-2.205882352941176613e-02
-2.205882352941176613e-02
-2.205882352941176613e-02
-2.205882352941176613e-02
-2.205882352941176613e-02
-2.201834862385321223e-02
-2.201834862385321223e-02
-2.201834862385321223e-02
-2.201834862385321223e-02
-2.201834862385321223e-02
-2.197802197802197974e-02
-2.197802197802197974e-02
-2.197802197802197974e-02
-2.197802197802197974e-02
-2.197802197802197974e-02
-2.193784277879342118e-02
-2.193784277879342118e-02
-2.193784277879342118e-02
-3.290676416819012656e-02
-3.290676416819012656e-02
-3.284671532846715480e-02
-3.284671532846715480e-02
-3.284671532846715480e-02
-3.284671532846715480e-02
-3.284671532846715480e-02
-3.278688524590164105e-02
-3.278688524590164105e-02
-3.278688524590164105e-02
-2.185792349726775954e-02
-2.185792349726775954e-02
-2.181818181818181990e-02
-2.181818181818181990e-02
-2.181818181818181990e-02
-2.181818181818181990e-02
-2.181818181818181990e-02
-2.177858439201451821e-02
-2.177858439201451821e-02
-2.177858439201451821e-02
-2.177858439201451821e-02
-2.177858439201451821e-02
-2.173913043478261156e-02
-2.173913043478261156e-02
-2.173913043478261156e-02
-2.173913043478261156e-02
-2.173913043478261156e-02
-2.169981916817359871e-02
-2.169981916817359871e-02
-2.169981916817359871e-02
-2.169981916817359871e-02
-2.169981916817359871e-02
-2.166064981949458734e-02
-2.166064981949458734e-02
-2.166064981949458734e-02
-2.166064981949458734e-02
-2.166064981949458734e-02
-2.162162162162162282e-02
-2.162162162162162282e-02
-2.162162162162162282e-02
-2.162162162162162282e-02
-2.162162162162162282e-02
-2.158273381294964141e-02
-2.158273381294964141e-02
-2.158273381294964141e-02
-2.158273381294964141e-02
-2.158273381294964141e-02
-2.154398563734290922e-02
-2.154398563734290922e-02
-2.154398563734290922e-02
-2.154398563734290922e-02
-2.154398563734290922e-02
-2.150537634408602322e-02
-2.150537634408602322e-02
-2.150537634408602322e-02
-2.150537634408602322e-02
-2.150537634408602322e-02
-2.146690518783542223e-02
-2.146690518783542223e-02
-2.146690518783542223e-02
-2.146690518783542223e-02
-2.146690518783542223e-02
-2.142857142857142877e-02
-2.142857142857142877e-02
-2.142857142857142877e-02
-2.142857142857142877e-02
-2.142857142857142877e-02
-2.139037433155080090e-02
-2.139037433155080090e-02
-2.139037433155080090e-02
-2.139037433155080090e-02
-2.139037433155080090e-02
-2.135231316725978712e-02
-2.135231316725978712e-02
-2.135231316725978712e-02
-2.135231316725978712e-02
-2.135231316725978712e-02
-2.131438721136767397e-02
-2.131438721136767397e-02
-2.131438721136767397e-02
-2.131438721136767397e-02
-2.131438721136767397e-02
-2.127659574468085055e-02
-2.127659574468085055e-02
-2.127659574468085055e-02
-2.127659574468085055e-02
-2.127659574468085055e-02
-2.123893805309734484e-02
-2.123893805309734484e-02
-2.123893805309734484e-02
-2.123893805309734484e-02
-2.123893805309734484e-02
-2.120141342756183891e-02
-2.120141342756183891e-02
-2.120141342756183891e-02
-2.120141342756183891e-02
-2.120141342756183891e-02
-2.116402116402116285e-02
-2.116402116402116285e-02
-2.116402116402116285e-02
-2.116402116402116285e-02
-2.116402116402116285e-02
-2.112676056338028477e-02
-2.112676056338028477e-02
-2.112676056338028477e-02
-2.112676056338028477e-02
-2.112676056338028477e-02
-2.108963093145869994e-02
-2.108963093145869994e-02
-2.108963093145869994e-02
-2.108963093145869994e-02
-2.108963093145869994e-02
-2.105263157894737142e-02
-2.105263157894737142e-02
-2.105263157894737142e-02
-2.105263157894737142e-02
-2.105263157894737142e-02
-2.101576182136602466e-02
-2.101576182136602466e-02
-2.101576182136602466e-02
-2.101576182136602466e-02
-2.101576182136602466e-02
-2.097902097902097987e-02
-2.097902097902097987e-02
-2.097902097902097987e-02
-2.097902097902097987e-02
-2.097902097902097987e-02
-2.094240837696335206e-02
-2.094240837696335206e-02
-2.094240837696335206e-02
-2.094240837696335206e-02
-2.094240837696335206e-02
-2.090592334494773691e-02
-2.090592334494773691e-02
-2.090592334494773691e-02
-2.090592334494773691e-02
-2.090592334494773691e-02
-2.086956521739130599e-02
-2.086956521739130599e-02
-2.086956521739130599e-02
-2.086956521739130599e-02
-2.086956521739130599e-02
-2.083333333333333218e-02
-2.083333333333333218e-02
-2.083333333333333218e-02
-2.083333333333333218e-02
-2.083333333333333218e-02
-2.079722703639514877e-02
-2.079722703639514877e-02
-2.079722703639514877e-02
-2.079722703639514877e-02
-2.079722703639514877e-02
-2.076124567474048679e-02
-2.076124567474048679e-02
-2.076124567474048679e-02
-2.076124567474048679e-02
-2.076124567474048679e-02
-2.072538860103627020e-02
-2.072538860103627020e-02
-2.072538860103627020e-02
-2.072538860103627020e-02
-2.072538860103627020e-02
-2.068965517241379282e-02
-2.068965517241379282e-02
-2.068965517241379282e-02
-2.068965517241379282e-02
-2.068965517241379282e-02
-2.065404475043029417e-02
-2.065404475043029417e-02
-2.065404475043029417e-02
-2.065404475043029417e-02
-2.065404475043029417e-02
-2.061855670103092744e-02
-2.061855670103092744e-02
-2.061855670103092744e-02
-2.061855670103092744e-02
-2.061855670103092744e-02
-2.058319039451115065e-02
-2.058319039451115065e-02
-2.058319039451115065e-02
-2.058319039451115065e-02
-2.058319039451115065e-02
-2.054794520547945091e-02
-2.054794520547945091e-02
-2.054794520547945091e-02
-2.054794520547945091e-02
-2.054794520547945091e-02
-2.051282051282051280e-02
-2.051282051282051280e-02
-2.051282051282051280e-02
-2.051282051282051280e-02
-2.051282051282051280e-02
-2.047781569965870588e-02
-2.047781569965870588e-02
-2.047781569965870588e-02
-2.047781569965870588e-02
-2.047781569965870588e-02
-2.044293015332197816e-02
-2.044293015332197816e-02
-2.044293015332197816e-02
-2.044293015332197816e-02
-2.044293015332197816e-02
-2.040816326530612429e-02
-2.040816326530612429e-02
-2.040816326530612429e-02
-2.040816326530612429e-02
-2.040816326530612429e-02
-2.037351443123939024e-02
-2.037351443123939024e-02
-2.037351443123939024e-02
-2.037351443123939024e-02
-2.037351443123939024e-02
-2.033898305084745964e-02
-2.033898305084745964e-02
-2.033898305084745964e-02
-2.033898305084745964e-02
-2.033898305084745964e-02
-2.030456852791878361e-02
-2.030456852791878361e-02
-2.030456852791878361e-02
-2.030456852791878361e-02
-2.030456852791878361e-02
-2.027027027027027140e-02
-2.027027027027027140e-02
-2.027027027027027140e-02
-2.027027027027027140e-02
-2.027027027027027140e-02
-2.023608768971332100e-02
-2.023608768971332100e-02
-2.023608768971332100e-02
-2.023608768971332100e-02
-2.023608768971332100e-02
-2.020202020202020374e-02
-2.020202020202020374e-02
-2.020202020202020374e-02
-2.020202020202020374e-02
-2.020202020202020374e-02
-2.016806722689075751e-02
-2.016806722689075751e-02
-2.016806722689075751e-02
-2.016806722689075751e-02
-2.016806722689075751e-02
-2.013422818791946525e-02
-2.013422818791946525e-02
-2.013422818791946525e-02
-2.013422818791946525e-02
-2.013422818791946525e-02
-2.010050251256281437e-02
-2.010050251256281437e-02
-2.010050251256281437e-02
-2.010050251256281437e-02
-2.010050251256281437e-02
-2.006688963210702392e-02
-2.006688963210702392e-02
-2.006688963210702392e-02
-2.006688963210702392e-02
-2.006688963210702392e-02
-2.003338898163606330e-02
-2.003338898163606330e-02
-2.003338898163606330e-02
-2.003338898163606330e-02
-2.003338898163606330e-02
-2.000000000000000389e-02
-2.000000000000000389e-02
-2.000000000000000389e-02
-2.000000000000000389e-02
-2.000000000000000389e-02
-1.996672212978369693e-02
-1.996672212978369693e-02
-1.996672212978369693e-02
-2.995008319467554192e-02
-2.995008319467554192e-02
-2.990033222591361936e-02
-2.990033222591361936e-02
-2.990033222591361936e-02
-2.990033222591361936e-02
-2.990033222591361936e-02
-2.985074626865671585e-02
-2.985074626865671585e-02
-2.985074626865671585e-02
-2.985074626865671585e-02
-2.985074626865671585e-02
-2.980132450331126129e-02
-2.980132450331126129e-02
-2.980132450331126129e-02
-2.980132450331126129e-02
-2.980132450331126129e-02
-2.975206611570248294e-02
-2.975206611570248294e-02
-2.975206611570248294e-02
-2.975206611570248294e-02
-2.975206611570248294e-02
-2.970297029702970507e-02
-2.970297029702970507e-02
-2.970297029702970507e-02
-2.970297029702970507e-02
-2.970297029702970507e-02
-2.965403624382207531e-02
-2.965403624382207531e-02
-2.965403624382207531e-02
-2.965403624382207531e-02
-2.965403624382207531e-02
-2.960526315789473520e-02
-2.960526315789473520e-02
-2.960526315789473520e-02
-2.960526315789473520e-02
-2.960526315789473520e-02
-2.955665024630542079e-02
-2.955665024630542079e-02
-2.955665024630542079e-02
-2.955665024630542079e-02
-2.955665024630542079e-02
-2.950819672131147972e-02
-2.950819672131147972e-02
-2.950819672131147972e-02
-2.950819672131147972e-02
-2.950819672131147972e-02
-2.945990180032733233e-02
-2.945990180032733233e-02
-2.945990180032733233e-02
-2.945990180032733233e-02
-2.945990180032733233e-02
-2.941176470588235253e-02
-2.941176470588235253e-02
-2.941176470588235253e-02
-2.941176470588235253e-02
-2.941176470588235253e-02
-2.936378466557911654e-02
-2.936378466557911654e-02
-2.936378466557911654e-02
-2.936378466557911654e-02
-2.936378466557911654e-02
-2.931596091205211640e-02
-2.931596091205211640e-02
-2.931596091205211640e-02
-2.931596091205211640e-02
-2.931596091205211640e-02
-2.926829268292683098e-02
-2.926829268292683098e-02
-2.926829268292683098e-02
-2.926829268292683098e-02
-2.926829268292683098e-02
-2.922077922077922010e-02
-2.922077922077922010e-02
-2.922077922077922010e-02
-2.922077922077922010e-02
-2.922077922077922010e-02
-2.917341977309562823e-02
-1.944894651539708433e-02
-1.944894651539708433e-02
-1.944894651539708433e-02
-1.944894651539708433e-02
-1.941747572815534159e-02
-1.941747572815534159e-02
-1.941747572815534159e-02
-1.941747572815534159e-02
-1.941747572815534159e-02
-1.938610662358643266e-02
-1.938610662358643266e-02
-1.938610662358643266e-02
-1.938610662358643266e-02
-1.938610662358643266e-02
-1.935483870967742021e-02
-1.935483870967742021e-02
-1.935483870967742021e-02
-1.935483870967742021e-02
-1.935483870967742021e-02
-1.932367149758454361e-02
-1.932367149758454361e-02
-1.932367149758454361e-02
-1.932367149758454361e-02
-1.932367149758454361e-02
-1.929260450160771856e-02
-1.929260450160771856e-02
-1.929260450160771856e-02
-1.929260450160771856e-02
-1.929260450160771856e-02
-1.926163723916533149e-02
-1.926163723916533149e-02
-1.926163723916533149e-02
-1.926163723916533149e-02
-1.926163723916533149e-02
-1.923076923076923184e-02
-1.923076923076923184e-02
-1.923076923076923184e-02
-1.923076923076923184e-02
-1.923076923076923184e-02
-1.920000000000000179e-02
-1.920000000000000179e-02
-1.920000000000000179e-02
-1.920000000000000179e-02
-1.920000000000000179e-02
-1.916932907348242732e-02
-1.916932907348242732e-02
-1.916932907348242732e-02
-1.916932907348242732e-02
-1.916932907348242732e-02
-1.913875598086124674e-02
-1.913875598086124674e-02
-1.913875598086124674e-02
-1.913875598086124674e-02
-1.913875598086124674e-02
-1.910828025477707276e-02
-1.910828025477707276e-02
-1.910828025477707276e-02
-1.910828025477707276e-02
-1.910828025477707276e-02
-1.907790143084260939e-02
-1.907790143084260939e-02
-1.907790143084260939e-02
-1.907790143084260939e-02
-1.907790143084260939e-02
-1.904761904761904934e-02
-1.904761904761904934e-02
-1.904761904761904934e-02
-1.904761904761904934e-02
-1.904761904761904934e-02
-1.901743264659271071e-02
-1.901743264659271071e-02
-1.901743264659271071e-02
-1.901743264659271071e-02
-1.901743264659271071e-02
-1.898734177215189931e-02
-1.898734177215189931e-02
-1.898734177215189931e-02
-1.898734177215189931e-02
-1.898734177215189931e-02
-1.895734597156398249e-02
-1.895734597156398249e-02
-1.895734597156398249e-02
-1.895734597156398249e-02
-1.895734597156398249e-02
-1.892744479495268167e-02
-1.892744479495268167e-02
-1.892744479495268167e-02
-1.892744479495268167e-02
-1.892744479495268167e-02
-1.889763779527559029e-02
-1.889763779527559029e-02
-1.889763779527559029e-02
-1.889763779527559029e-02
-1.889763779527559029e-02
-1.886792452830188954e-02
-1.886792452830188954e-02
-1.886792452830188954e-02
-1.886792452830188954e-02
-1.886792452830188954e-02
-1.883830455259026884e-02
-1.883830455259026884e-02
-1.883830455259026884e-02
-1.883830455259026884e-02
-1.883830455259026884e-02
-1.880877742946708564e-02
-1.880877742946708564e-02
-1.880877742946708564e-02
-1.880877742946708564e-02
-1.880877742946708564e-02
-1.877934272300469526e-02
-1.877934272300469526e-02
-1.877934272300469526e-02
-1.877934272300469526e-02
-1.877934272300469526e-02
-1.875000000000000278e-02
-1.875000000000000278e-02
-1.875000000000000278e-02
-1.875000000000000278e-02
-1.875000000000000278e-02
-1.872074882995319878e-02
-1.872074882995319878e-02
-1.872074882995319878e-02
-1.872074882995319878e-02
-1.872074882995319878e-02
-1.869158878504673105e-02
-1.869158878504673105e-02
-1.869158878504673105e-02
-1.869158878504673105e-02
-1.869158878504673105e-02
-1.866251944012441849e-02
-1.866251944012441849e-02
-1.866251944012441849e-02
-1.866251944012441849e-02
-1.866251944012441849e-02
-1.863354037267080793e-02
-1.863354037267080793e-02
-1.863354037267080793e-02
-1.863354037267080793e-02
-1.863354037267080793e-02
-1.860465116279069742e-02
-1.860465116279069742e-02
-1.860465116279069742e-02
-1.860465116279069742e-02
-1.860465116279069742e-02
-1.857585139318885734e-02
-1.857585139318885734e-02
-1.857585139318885734e-02
-1.857585139318885734e-02
-1.857585139318885734e-02
-1.854714064914992494e-02
-1.854714064914992494e-02
-1.854714064914992494e-02
-1.854714064914992494e-02
-1.854714064914992494e-02
-1.851851851851851749e-02
-1.851851851851851749e-02
-1.851851851851851749e-02
-1.851851851851851749e-02
-1.851851851851851749e-02
-1.848998459167950845e-02
-1.848998459167950845e-02
-1.848998459167950845e-02
-1.848998459167950845e-02
-1.848998459167950845e-02
-1.846153846153846326e-02
-1.846153846153846326e-02
-1.846153846153846326e-02
-1.846153846153846326e-02
-1.846153846153846326e-02
-1.843317972350230413e-02
-1.843317972350230413e-02
-1.843317972350230413e-02
-1.843317972350230413e-02
-1.843317972350230413e-02
-1.840490797546012400e-02
-1.840490797546012400e-02
-1.840490797546012400e-02
-1.840490797546012400e-02
-1.840490797546012400e-02
-1.837672281776416700e-02
-1.837672281776416700e-02
-1.837672281776416700e-02
-1.837672281776416700e-02
-1.837672281776416700e-02
-1.834862385321101019e-02
-1.834862385321101019e-02
-1.834862385321101019e-02
-1.834862385321101019e-02
-1.834862385321101019e-02
-1.832061068702290144e-02
-1.832061068702290144e-02
-2.748091603053435389e-02
-2.748091603053435389e-02
-2.748091603053435389e-02
-2.743902439024390252e-02
-2.743902439024390252e-02
-2.743902439024390252e-02
-2.743902439024390252e-02
-2.743902439024390252e-02
-2.739726027397260122e-02
-2.739726027397260122e-02
-2.739726027397260122e-02
-2.739726027397260122e-02
-2.739726027397260122e-02
-2.735562310030395169e-02
-2.735562310030395169e-02
-2.735562310030395169e-02
-2.735562310030395169e-02
-2.735562310030395169e-02
-2.731411229135053201e-02
-2.731411229135053201e-02
-2.731411229135053201e-02
-2.731411229135053201e-02
-2.731411229135053201e-02
-2.727272727272727140e-02
-2.727272727272727140e-02
-2.727272727272727140e-02
-2.727272727272727140e-02
-2.727272727272727140e-02
-2.723146747352496455e-02
-2.723146747352496455e-02
-2.723146747352496455e-02
-2.723146747352496455e-02
-2.723146747352496455e-02
-2.719033232628399049e-02
-2.719033232628399049e-02
-2.719033232628399049e-02
-2.719033232628399049e-02
-2.719033232628399049e-02
-2.714932126696832995e-02
-2.714932126696832995e-02
-2.714932126696832995e-02
-2.714932126696832995e-02
-2.714932126696832995e-02
-2.710843373493975958e-02
-2.710843373493975958e-02
-2.710843373493975958e-02
-2.710843373493975958e-02
-2.710843373493975958e-02
-2.706766917293233418e-02
-2.706766917293233418e-02
-2.706766917293233418e-02
-2.706766917293233418e-02
-2.706766917293233418e-02
-2.702702702702702853e-02
-2.702702702702702853e-02
-2.702702702702702853e-02
-2.702702702702702853e-02
-2.702702702702702853e-02
-2.698650674662668447e-02
-2.698650674662668447e-02
-2.698650674662668447e-02
-2.698650674662668447e-02
-2.698650674662668447e-02
-2.694610778443113849e-02
-2.694610778443113849e-02
-2.694610778443113849e-02
-2.694610778443113849e-02
-2.694610778443113849e-02
-2.690582959641255739e-02
-2.690582959641255739e-02
-2.690582959641255739e-02
-2.690582959641255739e-02
-2.690582959641255739e-02
-2.686567164179104808e-02
-2.686567164179104808e-02
-2.686567164179104808e-02
-2.686567164179104808e-02
-2.686567164179104808e-02
-2.682563338301043390e-02
-2.682563338301043390e-02
-2.682563338301043390e-02
-2.682563338301043390e-02
-2.682563338301043390e-02
-2.678571428571428423e-02
-2.678571428571428423e-02
-2.678571428571428423e-02
-2.678571428571428423e-02
-2.678571428571428423e-02
-2.674591381872213833e-02
-2.674591381872213833e-02
-2.674591381872213833e-02
-2.674591381872213833e-02
-2.674591381872213833e-02
-2.670623145400593743e-02
-2.670623145400593743e-02
-2.670623145400593743e-02
-2.670623145400593743e-02
-2.670623145400593743e-02
-2.666666666666666838e-02
-2.666666666666666838e-02
-2.666666666666666838e-02
-2.666666666666666838e-02
-2.666666666666666838e-02
-2.662721893491124328e-02
-2.662721893491124328e-02
-2.662721893491124328e-02
-2.662721893491124328e-02
-2.662721893491124328e-02
-2.658788774002954561e-02
-2.658788774002954561e-02
-2.658788774002954561e-02
-2.658788774002954561e-02
-2.658788774002954561e-02
-2.654867256637168105e-02
-2.654867256637168105e-02
-2.654867256637168105e-02
-2.654867256637168105e-02
-2.654867256637168105e-02
-2.650957290132547814e-02
-2.650957290132547814e-02
-2.650957290132547814e-02
-2.650957290132547814e-02
-2.650957290132547814e-02
-2.647058823529411728e-02
-2.647058823529411728e-02
-2.647058823529411728e-02
-2.647058823529411728e-02
-2.647058823529411728e-02
-2.643171806167401300e-02
-2.643171806167401300e-02
-2.643171806167401300e-02
-2.643171806167401300e-02
-2.643171806167401300e-02
-2.639296187683284889e-02
-2.639296187683284889e-02
-2.639296187683284889e-02
-2.639296187683284889e-02
-2.639296187683284889e-02
-2.635431918008784846e-02
-2.635431918008784846e-02
-2.635431918008784846e-02
-2.635431918008784846e-02
-2.635431918008784846e-02
-2.631578947368420907e-02
-2.631578947368420907e-02
-1.754385964912280604e-02
-1.754385964912280604e-02
-1.754385964912280604e-02
-1.751824817518248326e-02
-1.751824817518248326e-02
-1.751824817518248326e-02
-1.751824817518248326e-02
-1.751824817518248326e-02
-1.749271137026239126e-02
-1.749271137026239126e-02
-1.749271137026239126e-02
-1.749271137026239126e-02
-1.749271137026239126e-02
-1.746724890829694579e-02
-1.746724890829694579e-02
-1.746724890829694579e-02
-1.746724890829694579e-02
-1.746724890829694579e-02
-1.744186046511627883e-02
-1.744186046511627883e-02
-1.744186046511627883e-02
-1.744186046511627883e-02
-1.744186046511627883e-02
-1.741654571843251342e-02
-1.741654571843251342e-02
-1.741654571843251342e-02
-1.741654571843251342e-02
-1.741654571843251342e-02
-1.739130434782608717e-02
-1.739130434782608717e-02
-1.739130434782608717e-02
-1.739130434782608717e-02
-1.739130434782608717e-02
-1.736613603473227338e-02
-1.736613603473227338e-02
-1.736613603473227338e-02
-1.736613603473227338e-02
-1.736613603473227338e-02
-1.734104046242774741e-02
-1.734104046242774741e-02
-1.734104046242774741e-02
-1.734104046242774741e-02
-1.734104046242774741e-02
-1.731601731601731600e-02
-1.731601731601731600e-02
-1.731601731601731600e-02
-1.731601731601731600e-02
-1.731601731601731600e-02
-1.729106628242075075e-02
-1.729106628242075075e-02
-1.729106628242075075e-02
-1.729106628242075075e-02
-1.729106628242075075e-02
-1.726618705035971521e-02
-1.726618705035971521e-02
-1.726618705035971521e-02
-1.726618705035971521e-02
-1.726618705035971521e-02
-1.724137931034482735e-02
-1.724137931034482735e-02
-1.724137931034482735e-02
-1.724137931034482735e-02
-1.724137931034482735e-02
-1.721664275466284338e-02
-1.721664275466284338e-02
-1.721664275466284338e-02
-1.721664275466284338e-02
-1.721664275466284338e-02
-1.719197707736389719e-02
-1.719197707736389719e-02
-1.719197707736389719e-02
-1.719197707736389719e-02
-1.719197707736389719e-02
-1.716738197424892698e-02
-1.716738197424892698e-02
-1.716738197424892698e-02
-1.716738197424892698e-02
-1.716738197424892698e-02
-1.714285714285714371e-02
-1.714285714285714371e-02
-1.714285714285714371e-02
-1.714285714285714371e-02
-1.714285714285714371e-02
-1.711840228245363818e-02
-1.711840228245363818e-02
-1.711840228245363818e-02
-1.711840228245363818e-02
-1.711840228245363818e-02
-1.709401709401709574e-02
-1.709401709401709574e-02
-1.709401709401709574e-02
-1.709401709401709574e-02
-1.709401709401709574e-02
-1.706970128022759770e-02
-1.706970128022759770e-02
-1.706970128022759770e-02
-1.706970128022759770e-02
-1.706970128022759770e-02
-1.704545454545454766e-02
-1.704545454545454766e-02
-1.704545454545454766e-02
-1.704545454545454766e-02
-1.704545454545454766e-02
-1.702127659574468460e-02
-1.702127659574468460e-02
-1.702127659574468460e-02
-1.702127659574468460e-02
-1.702127659574468460e-02
-1.699716713881019997e-02
-1.699716713881019997e-02
-1.699716713881019997e-02
-1.699716713881019997e-02
-1.699716713881019997e-02
-1.697312588401697631e-02
-1.697312588401697631e-02
-1.697312588401697631e-02
-1.697312588401697631e-02
-1.697312588401697631e-02
-1.694915254237288130e-02
-1.694915254237288130e-02
-1.694915254237288130e-02
-1.694915254237288130e-02
-1.694915254237288130e-02
-1.692524682651622148e-02
-1.692524682651622148e-02
-2.538787023977433221e-02
-2.538787023977433221e-02
-2.538787023977433221e-02
-2.535211267605633548e-02
-2.535211267605633548e-02
-2.535211267605633548e-02
-2.535211267605633548e-02
-2.535211267605633548e-02
-2.531645569620253125e-02
-2.531645569620253125e-02
-2.531645569620253125e-02
-2.531645569620253125e-02
-2.531645569620253125e-02
-2.528089887640449368e-02
-2.528089887640449368e-02
-2.528089887640449368e-02
-2.528089887640449368e-02
-2.528089887640449368e-02
-2.524544179523141585e-02
-2.524544179523141585e-02
-2.524544179523141585e-02
-2.524544179523141585e-02
-2.524544179523141585e-02
-2.521008403361344602e-02
-2.521008403361344602e-02
-2.521008403361344602e-02
-2.521008403361344602e-02
-2.521008403361344602e-02
-2.517482517482517654e-02
-2.517482517482517654e-02
-2.517482517482517654e-02
-2.517482517482517654e-02
-2.517482517482517654e-02
-2.513966480446927498e-02
-2.513966480446927498e-02
-2.513966480446927498e-02
-2.513966480446927498e-02
-2.513966480446927498e-02
-2.510460251046025063e-02
-2.510460251046025063e-02
-2.510460251046025063e-02
-2.510460251046025063e-02
-2.510460251046025063e-02
-2.506963788300835966e-02
-2.506963788300835966e-02
-2.506963788300835966e-02
-2.506963788300835966e-02
-2.506963788300835966e-02
-2.503477051460361799e-02
-2.503477051460361799e-02
-2.503477051460361799e-02
-2.503477051460361799e-02
-2.503477051460361799e-02
