-1.138865368331922062e-01
-1.138814202865494757e-01
-1.138281164676982066e-01
-1.136987680708347326e-01
-1.139131407334764423e-01
-1.137821244313374364e-01
-1.135513769357815866e-01
-1.137491481071343513e-01
-1.134068114966154950e-01
-1.134605796397386845e-01
-1.133867243920517326e-01
-1.130933868642031159e-01
-1.132051326222738297e-01
-1.130937809271917865e-01
-1.128075415601784148e-01
-1.128354044698236525e-01
-1.127883494657964669e-01
-1.128245714778769032e-01
-1.124566274108818181e-01
-1.122828053627143441e-01
-1.121948300622307021e-01
-1.123282696846819584e-01
-1.122330037323915619e-01
-1.117824713108291068e-01
-1.116750804380958334e-01
-1.114284689035879294e-01
-1.114358624253011243e-01
-1.113012414753746099e-01
-1.110381138325730183e-01
-1.111739689669827419e-01
-1.104512511130850971e-01
-1.104421577729227527e-01
-1.101179401110292527e-01
-1.104090460775048049e-01
-1.097526241464720081e-01
-1.097175626121557335e-01
-1.096924497938903537e-01
-1.094820702422959202e-01
-1.090990560983449986e-01
-1.086955801328339660e-01
-1.080911275762422297e-01
-1.081980170421046050e-01
-1.083172724963769457e-01
-1.074776633119527286e-01
-1.073852773333623667e-01
-1.070881025609284748e-01
-1.069677759574928083e-01
-1.064500627548465028e-01
-1.061151836533165554e-01
-1.055414485302569455e-01
-1.049773722069490961e-01
-1.052331195472398506e-01
-1.046021685337064078e-01
-1.037452733474115985e-01
-1.037654298775818745e-01
-1.028603223229929975e-01
-1.028242391006306544e-01
-1.016538386453239712e-01
-1.016267730477036779e-01
-1.013413589404878884e-01
-1.000819868061559453e-01
-9.868862970085458264e-02
-9.891346308398440978e-02
-9.914498296177975956e-02
-9.812547323132372878e-02
-9.695089437200055116e-02
-9.691133872354197598e-02
-9.568692810061281417e-02
-9.430129629417487169e-02
-9.422442946687312193e-02
-9.401720174149835740e-02
-9.255300558978711567e-02
-9.092045596608669400e-02
-9.066289093502127860e-02
-9.039867429626692596e-02
-8.999673580387677896e-02
-8.824632490826059272e-02
-8.780859512200929473e-02
-8.585410525713305097e-02
-8.524657667444350551e-02
-8.475635725652148900e-02
-8.256483773867369369e-02
-8.190000127968749544e-02
-8.122034362575573929e-02
-8.052536357704936920e-02
-7.981453707772104278e-02
-7.743966348347082473e-02
-7.821277160477008161e-02
-7.563970706422336321e-02
-7.483928688364957504e-02
-7.217397019988321116e-02
-7.118945423733523403e-02
-7.181282949335392185e-02
-6.903517806982509275e-02
-6.798703147374640654e-02
-6.499007321763596023e-02
-6.570164336235459479e-02
-6.262292915527882531e-02
-6.134595820760122692e-02
-6.004502908079267787e-02
