0.000000000000000000e+00
0.000000000000000000e+00
0.000000000000000000e+00
0.000000000000000000e+00
0.000000000000000000e+00
0.000000000000000000e+00
0.000000000000000000e+00
-1.811320754716976511e+00
-1.811320754716976511e+00
-1.811320754716976511e+00
-1.509433962264147056e+00
-1.509433962264147056e+00
-1.509433962264147056e+00
0.000000000000000000e+00
0.000000000000000000e+00
0.000000000000000000e+00
0.000000000000000000e+00
0.000000000000000000e+00
0.000000000000000000e+00
0.000000000000000000e+00
0.000000000000000000e+00
0.000000000000000000e+00
0.000000000000000000e+00
0.000000000000000000e+00
0.000000000000000000e+00
0.000000000000000000e+00
0.000000000000000000e+00
0.000000000000000000e+00
0.000000000000000000e+00
0.000000000000000000e+00
0.000000000000000000e+00
0.000000000000000000e+00
0.000000000000000000e+00
0.000000000000000000e+00
0.000000000000000000e+00
0.000000000000000000e+00
0.000000000000000000e+00
0.000000000000000000e+00
0.000000000000000000e+00
0.000000000000000000e+00
0.000000000000000000e+00
0.000000000000000000e+00
0.000000000000000000e+00
0.000000000000000000e+00
0.000000000000000000e+00
-6.966618287373019802e-01
-6.966618287373019802e-01
-6.966618287373019802e-01
-6.966618287373019802e-01
-6.966618287373019802e-01
-6.469002695417803706e-01
-6.469002695417803706e-01
-6.469002695417803706e-01
-6.469002695417803706e-01
-6.469002695417803706e-01
-6.037735849056616866e-01
-6.037735849056616866e-01
-6.037735849056616866e-01
-6.037735849056616866e-01
-6.037735849056616866e-01
-5.660377358490578104e-01
0.000000000000000000e+00
0.000000000000000000e+00
0.000000000000000000e+00
0.000000000000000000e+00
0.000000000000000000e+00
0.000000000000000000e+00
0.000000000000000000e+00
0.000000000000000000e+00
0.000000000000000000e+00
0.000000000000000000e+00
0.000000000000000000e+00
0.000000000000000000e+00
0.000000000000000000e+00
0.000000000000000000e+00
0.000000000000000000e+00
0.000000000000000000e+00
0.000000000000000000e+00
0.000000000000000000e+00
0.000000000000000000e+00
0.000000000000000000e+00
0.000000000000000000e+00
0.000000000000000000e+00
0.000000000000000000e+00
0.000000000000000000e+00
0.000000000000000000e+00
0.000000000000000000e+00
0.000000000000000000e+00
0.000000000000000000e+00
0.000000000000000000e+00
0.000000000000000000e+00
0.000000000000000000e+00
-4.116638078902238318e-01
-4.116638078902238318e-01
-4.116638078902238318e-01
-3.937653814602141145e-01
-3.937653814602141145e-01
-3.937653814602141145e-01
-3.937653814602141145e-01
-3.937653814602141145e-01
-3.773584905660385957e-01
-3.773584905660385957e-01
-3.773584905660385957e-01
-3.773584905660385957e-01
-3.773584905660385957e-01
-3.622641509433969786e-01
-3.622641509433969786e-01
-3.622641509433969786e-01
-3.622641509433969786e-01
-3.622641509433969786e-01
-3.483309143686509901e-01
-3.483309143686509901e-01
-3.483309143686509901e-01
-3.483309143686509901e-01
-3.483309143686509901e-01
-3.354297693920342827e-01
-3.354297693920342827e-01
-3.354297693920342827e-01
-3.354297693920342827e-01
0.000000000000000000e+00
0.000000000000000000e+00
0.000000000000000000e+00
0.000000000000000000e+00
0.000000000000000000e+00
0.000000000000000000e+00
0.000000000000000000e+00
0.000000000000000000e+00
0.000000000000000000e+00
0.000000000000000000e+00
0.000000000000000000e+00
0.000000000000000000e+00
0.000000000000000000e+00
0.000000000000000000e+00
0.000000000000000000e+00
0.000000000000000000e+00
0.000000000000000000e+00
0.000000000000000000e+00
0.000000000000000000e+00
0.000000000000000000e+00
0.000000000000000000e+00
0.000000000000000000e+00
0.000000000000000000e+00
0.000000000000000000e+00
0.000000000000000000e+00
0.000000000000000000e+00
0.000000000000000000e+00
0.000000000000000000e+00
0.000000000000000000e+00
-2.744425385934812778e-01
-2.744425385934812778e-01
-2.663706992230848170e-01
-2.663706992230848170e-01
-2.663706992230848170e-01
-2.663706992230848170e-01
-2.663706992230848170e-01
-2.587601078167109381e-01
-2.587601078167109381e-01
-2.587601078167109381e-01
-2.587601078167109381e-01
-2.587601078167109381e-01
-2.515723270440245463e-01
-2.515723270440245463e-01
-2.515723270440245463e-01
-2.515723270440245463e-01
-2.515723270440245463e-01
-2.447730749617536006e-01
-2.447730749617536006e-01
-2.447730749617536006e-01
-2.447730749617536006e-01
-2.447730749617536006e-01
-2.383316782522337529e-01
-2.383316782522337529e-01
-2.383316782522337529e-01
-2.383316782522337529e-01
-2.383316782522337529e-01
-2.322206095790995406e-01
-2.322206095790995406e-01
-2.322206095790995406e-01
-2.322206095790995406e-01
-2.322206095790995406e-01
-2.264150943396220639e-01
-2.264150943396220639e-01
-2.264150943396220639e-01
-2.264150943396220639e-01
-2.264150943396220639e-01
-2.208927749654849559e-01
-2.208927749654849559e-01
-2.208927749654849559e-01
-2.208927749654849559e-01
0.000000000000000000e+00
0.000000000000000000e+00
0.000000000000000000e+00
0.000000000000000000e+00
0.000000000000000000e+00
0.000000000000000000e+00
0.000000000000000000e+00
0.000000000000000000e+00
0.000000000000000000e+00
0.000000000000000000e+00
0.000000000000000000e+00
0.000000000000000000e+00
0.000000000000000000e+00
0.000000000000000000e+00
0.000000000000000000e+00
0.000000000000000000e+00
0.000000000000000000e+00
0.000000000000000000e+00
0.000000000000000000e+00
0.000000000000000000e+00
0.000000000000000000e+00
0.000000000000000000e+00
-1.968826907301070572e-01
-1.968826907301070572e-01
-1.968826907301070572e-01
-1.968826907301070572e-01
-1.926936973103175743e-01
-1.926936973103175743e-01
-1.926936973103175743e-01
-1.926936973103175743e-01
-1.926936973103175743e-01
-1.886792452830192979e-01
-1.886792452830192979e-01
-1.886792452830192979e-01
-1.886792452830192979e-01
-1.886792452830192979e-01
-1.848286484405086694e-01
-1.848286484405086694e-01
-1.848286484405086694e-01
-1.848286484405086694e-01
-1.848286484405086694e-01
-1.811320754716984893e-01
-1.811320754716984893e-01
-1.811320754716984893e-01
-1.811320754716984893e-01
-1.811320754716984893e-01
-1.775804661487240255e-01
-1.775804661487240255e-01
-1.775804661487240255e-01
-1.775804661487240255e-01
-1.775804661487240255e-01
-1.741654571843254951e-01
-1.741654571843254951e-01
-1.741654571843254951e-01
-1.741654571843254951e-01
-1.741654571843254951e-01
-1.708793164827344391e-01
-1.708793164827344391e-01
-1.708793164827344391e-01
-1.708793164827344391e-01
-1.708793164827344391e-01
-1.677148846960171413e-01
-1.677148846960171413e-01
-1.677148846960171413e-01
-1.677148846960171413e-01
-1.677148846960171413e-01
-1.646655231560895660e-01
-1.646655231560895660e-01
-1.646655231560895660e-01
-1.646655231560895660e-01
-1.646655231560895660e-01
-1.617250673854450926e-01
-1.617250673854450926e-01
-1.617250673854450926e-01
-1.617250673854450926e-01
-1.617250673854450926e-01
-1.588877855014899365e-01
-1.588877855014899365e-01
-1.588877855014899365e-01
0.000000000000000000e+00
0.000000000000000000e+00
0.000000000000000000e+00
0.000000000000000000e+00
0.000000000000000000e+00
0.000000000000000000e+00
0.000000000000000000e+00
0.000000000000000000e+00
0.000000000000000000e+00
0.000000000000000000e+00
0.000000000000000000e+00
0.000000000000000000e+00
0.000000000000000000e+00
0.000000000000000000e+00
0.000000000000000000e+00
-1.509433962264150608e-01
-1.509433962264150608e-01
-1.484689143210640161e-01
-1.484689143210640161e-01
-1.484689143210640161e-01
-1.484689143210640161e-01
-1.484689143210640161e-01
-1.460742544126597542e-01
-1.460742544126597542e-01
-1.460742544126597542e-01
-1.460742544126597542e-01
-1.460742544126597542e-01
-1.437556154537286413e-01
-1.437556154537286413e-01
-1.437556154537286413e-01
-1.437556154537286413e-01
-1.437556154537286413e-01
-1.415094339622641195e-01
-1.415094339622641195e-01
-1.415094339622641195e-01
-1.415094339622641195e-01
-1.415094339622641195e-01
-1.393323657474600796e-01
-1.393323657474600796e-01
-1.393323657474600796e-01
-1.393323657474600796e-01
-1.393323657474600796e-01
-1.372212692967409720e-01
-1.372212692967409720e-01
-1.372212692967409720e-01
-1.372212692967409720e-01
-1.372212692967409720e-01
-1.351731906505209413e-01
-1.351731906505209413e-01
-1.351731906505209413e-01
-1.351731906505209413e-01
-1.351731906505209413e-01
-1.331853496115427138e-01
-1.331853496115427138e-01
-1.331853496115427138e-01
-1.331853496115427138e-01
-1.331853496115427138e-01
-1.312551271534043995e-01
-1.312551271534043995e-01
-1.312551271534043995e-01
-1.312551271534043995e-01
-1.312551271534043995e-01
-1.293800539083557744e-01
-1.293800539083557744e-01
-1.293800539083557744e-01
-1.293800539083557744e-01
-1.293800539083557744e-01
-1.275577996279564086e-01
-1.275577996279564086e-01
-1.275577996279564086e-01
-1.275577996279564086e-01
-1.275577996279564086e-01
-1.257861635220125507e-01
-1.257861635220125507e-01
-1.257861635220125507e-01
-1.257861635220125507e-01
-1.257861635220125507e-01
-1.240630653915740372e-01
-1.240630653915740372e-01
-1.240630653915740372e-01
-1.240630653915740372e-01
-1.240630653915740372e-01
-1.223865374808770917e-01
-1.223865374808770917e-01
-1.223865374808770917e-01
-1.223865374808770917e-01
-1.223865374808770917e-01
-1.207547169811320487e-01
-1.207547169811320487e-01
-1.207547169811320487e-01
0.000000000000000000e+00
0.000000000000000000e+00
0.000000000000000000e+00
0.000000000000000000e+00
0.000000000000000000e+00
0.000000000000000000e+00
-1.191658391261171679e-01
-1.176182308257779641e-01
-1.176182308257779641e-01
-1.176182308257779641e-01
-1.176182308257779641e-01
-1.176182308257779641e-01
-1.161103047895500617e-01
-1.161103047895500617e-01
-1.161103047895500617e-01
-1.161103047895500617e-01
-1.161103047895500617e-01
-1.146405540960114405e-01
-1.146405540960114405e-01
-1.146405540960114405e-01
-1.146405540960114405e-01
-1.146405540960114405e-01
-1.132075471698112956e-01
-1.132075471698112956e-01
-1.132075471698112956e-01
-1.132075471698112956e-01
-1.132075471698112956e-01
-1.118099231306778213e-01
-1.118099231306778213e-01
-1.118099231306778213e-01
-1.118099231306778213e-01
-1.118099231306778213e-01
-1.104463874827427278e-01
-1.104463874827427278e-01
-1.104463874827427278e-01
-1.104463874827427278e-01
-1.104463874827427278e-01
-1.091157081154807695e-01
-1.091157081154807695e-01
-1.091157081154807695e-01
-1.091157081154807695e-01
-1.091157081154807695e-01
-1.078167115902964879e-01
-1.078167115902964879e-01
-1.078167115902964879e-01
-1.078167115902964879e-01
-1.078167115902964879e-01
-1.065482796892341655e-01
-1.065482796892341655e-01
-1.065482796892341655e-01
-1.065482796892341655e-01
-1.065482796892341655e-01
-1.053093462044756151e-01
-1.053093462044756151e-01
-1.053093462044756151e-01
-1.053093462044756151e-01
-1.053093462044756151e-01
-1.040988939492517723e-01
-1.040988939492517723e-01
-1.040988939492517723e-01
-1.040988939492517723e-01
-1.040988939492517723e-01
-1.029159519725557359e-01
-1.029159519725557359e-01
-1.029159519725557359e-01
-1.029159519725557359e-01
-1.029159519725557359e-01
-1.017595929616281342e-01
-1.017595929616281342e-01
-1.017595929616281342e-01
-1.017595929616281342e-01
-1.017595929616281342e-01
-1.006289308176100544e-01
-1.006289308176100544e-01
-1.006289308176100544e-01
-1.006289308176100544e-01
-1.006289308176100544e-01
-9.952311839104291402e-02
-9.952311839104291402e-02
-9.952311839104291402e-02
-9.952311839104291402e-02
-9.952311839104291402e-02
-9.844134536505330657e-02
-9.844134536505330657e-02
-9.844134536505330657e-02
-9.844134536505330657e-02
-9.844134536505330657e-02
-9.738283627510649354e-02
-9.738283627510649354e-02
-9.738283627510649354e-02
-9.738283627510649354e-02
-9.738283627510649354e-02
-9.634684865515855123e-02
-9.634684865515855123e-02
-9.634684865515855123e-02
-1.926936973103171025e-01
-1.926936973103171025e-01
-1.906653426017874409e-01
-1.906653426017874409e-01
-1.906653426017874409e-01
-1.906653426017874409e-01
-9.533267130089372043e-02
-9.433962264150941301e-02
-9.433962264150941301e-02
-9.433962264150941301e-02
-9.433962264150941301e-02
-9.433962264150941301e-02
-9.336704921221551656e-02
-9.336704921221551656e-02
-9.336704921221551656e-02
-9.336704921221551656e-02
-9.336704921221551656e-02
-9.241432422025412652e-02
-9.241432422025412652e-02
-9.241432422025412652e-02
-9.241432422025412652e-02
-9.241432422025412652e-02
-9.148084619782731464e-02
-9.148084619782731464e-02
-9.148084619782731464e-02
-9.148084619782731464e-02
-9.148084619782731464e-02
-9.056603773584903649e-02
-9.056603773584903649e-02
-9.056603773584903649e-02
-9.056603773584903649e-02
-9.056603773584903649e-02
-8.966934429291983921e-02
-8.966934429291983921e-02
-8.966934429291983921e-02
-8.966934429291983921e-02
-8.966934429291983921e-02
-8.879023307436180457e-02
-8.879023307436180457e-02
-8.879023307436180457e-02
-8.879023307436180457e-02
-8.879023307436180457e-02
-8.792819197655246666e-02
-8.792819197655246666e-02
-8.792819197655246666e-02
-8.792819197655246666e-02
-8.792819197655246666e-02
-8.708272859216253936e-02
-8.708272859216253936e-02
-8.708272859216253936e-02
-8.708272859216253936e-02
-8.708272859216253936e-02
-8.625336927223718753e-02
-8.625336927223718753e-02
-8.625336927223718753e-02
-8.625336927223718753e-02
-8.625336927223718753e-02
-8.543965824136702525e-02
-8.543965824136702525e-02
-8.543965824136702525e-02
-8.543965824136702525e-02
-8.543965824136702525e-02
-8.464115676247574438e-02
-8.464115676247574438e-02
-8.464115676247574438e-02
-8.464115676247574438e-02
-8.464115676247574438e-02
-8.385744234800837638e-02
-8.385744234800837638e-02
-8.385744234800837638e-02
-8.385744234800837638e-02
-8.385744234800837638e-02
-8.308810801454040440e-02
-8.308810801454040440e-02
-8.308810801454040440e-02
-8.308810801454040440e-02
-8.308810801454040440e-02
-8.233276157804457485e-02
-8.233276157804457485e-02
-8.233276157804457485e-02
-8.233276157804457485e-02
-8.233276157804457485e-02
-8.159102498725138986e-02
-8.159102498725138986e-02
-8.159102498725138986e-02
-8.159102498725138986e-02
-8.159102498725138986e-02
-8.086253369272236591e-02
-8.086253369272236591e-02
-8.086253369272236591e-02
-8.086253369272236591e-02
-8.086253369272236591e-02
-8.014693604942392524e-02
-8.014693604942392524e-02
-8.014693604942392524e-02
-8.014693604942392524e-02
-8.014693604942392524e-02
-7.944389275074477397e-02
-1.588877855014895479e-01
-1.588877855014895479e-01
-1.588877855014895479e-01
-1.588877855014895479e-01
-1.575061525840852905e-01
-1.575061525840852905e-01
-1.575061525840852905e-01
-1.575061525840852905e-01
-1.575061525840852905e-01
-1.561483409238776654e-01
-1.561483409238776654e-01
-1.561483409238776654e-01
-1.561483409238776654e-01
-1.561483409238776654e-01
-1.548137397194000731e-01
-1.548137397194000731e-01
-1.548137397194000731e-01
-1.548137397194000731e-01
-1.548137397194000731e-01
-1.535017588743204098e-01
-7.675087943716020489e-02
-7.675087943716020489e-02
-7.675087943716020489e-02
-7.675087943716020489e-02
-7.610591406373869161e-02
-7.610591406373869161e-02
-7.610591406373869161e-02
-7.610591406373869161e-02
-7.610591406373869161e-02
-7.547169811320753041e-02
-7.547169811320753041e-02
-7.547169811320753041e-02
-7.547169811320753041e-02
-7.547169811320753041e-02
-7.484796507094962359e-02
-7.484796507094962359e-02
-7.484796507094962359e-02
-7.484796507094962359e-02
-7.484796507094962359e-02
-7.423445716053200805e-02
-7.423445716053200805e-02
-7.423445716053200805e-02
-7.423445716053200805e-02
-7.423445716053200805e-02
-7.363092498849516110e-02
-7.363092498849516110e-02
-7.363092498849516110e-02
-7.363092498849516110e-02
-7.363092498849516110e-02
-7.303712720632987709e-02
-7.303712720632987709e-02
-7.303712720632987709e-02
-7.303712720632987709e-02
-7.303712720632987709e-02
-7.245283018867923475e-02
-7.245283018867923475e-02
-7.245283018867923475e-02
-7.245283018867923475e-02
-7.245283018867923475e-02
-7.187780772686432063e-02
-7.187780772686432063e-02
-7.187780772686432063e-02
-7.187780772686432063e-02
-7.187780772686432063e-02
-7.131184073688900948e-02
-7.131184073688900948e-02
-7.131184073688900948e-02
-7.131184073688900948e-02
-7.131184073688900948e-02
-7.075471698113205976e-02
-7.075471698113205976e-02
-7.075471698113205976e-02
-7.075471698113205976e-02
-7.075471698113205976e-02
-7.020623080298375729e-02
-7.020623080298375729e-02
-7.020623080298375729e-02
-7.020623080298375729e-02
-7.020623080298375729e-02
-6.966618287373003982e-02
-6.966618287373003982e-02
-6.966618287373003982e-02
-6.966618287373003982e-02
-6.966618287373003982e-02
-6.913437995102980627e-02
-6.913437995102980627e-02
-6.913437995102980627e-02
-6.913437995102980627e-02
-6.913437995102980627e-02
-6.861063464837048598e-02
-6.861063464837048598e-02
-6.861063464837048598e-02
-6.861063464837048598e-02
-6.861063464837048598e-02
-6.809476521492409395e-02
-6.809476521492409395e-02
-6.809476521492409395e-02
-6.809476521492409395e-02
-6.809476521492409395e-02
-6.758659532526047065e-02
-6.758659532526047065e-02
-6.758659532526047065e-02
-6.758659532526047065e-02
-6.758659532526047065e-02
-6.708595387840669833e-02
-6.708595387840669833e-02
-6.708595387840669833e-02
-6.708595387840669833e-02
-6.708595387840669833e-02
-1.331853496115427138e-01
-1.331853496115427138e-01
-1.331853496115427138e-01
-1.331853496115427138e-01
-1.331853496115427138e-01
-1.322131937749621011e-01
-1.322131937749621011e-01
-1.322131937749621011e-01
-1.322131937749621011e-01
-1.322131937749621011e-01
-1.312551271534043995e-01
-1.312551271534043995e-01
-1.312551271534043995e-01
-1.312551271534043995e-01
-1.312551271534043995e-01
-1.303108456630921452e-01
-1.303108456630921452e-01
-1.303108456630921452e-01
-1.303108456630921452e-01
-1.303108456630921452e-01
-1.293800539083557744e-01
-1.293800539083557744e-01
-1.293800539083557744e-01
-1.293800539083557744e-01
-1.293800539083557744e-01
-1.284624648735447627e-01
-1.284624648735447627e-01
-1.284624648735447627e-01
-1.284624648735447627e-01
-1.284624648735447627e-01
-1.275577996279564086e-01
-1.275577996279564086e-01
-1.275577996279564086e-01
-6.377889981397820429e-02
-6.377889981397820429e-02
-6.333289352157275842e-02
-6.333289352157275842e-02
-6.333289352157275842e-02
-6.333289352157275842e-02
-6.333289352157275842e-02
-6.289308176100627534e-02
-6.289308176100627534e-02
-6.289308176100627534e-02
-6.289308176100627534e-02
-6.289308176100627534e-02
-6.245933636955106061e-02
-6.245933636955106061e-02
-6.245933636955106061e-02
-6.245933636955106061e-02
-6.245933636955106061e-02
-6.203153269578701862e-02
-6.203153269578701862e-02
-6.203153269578701862e-02
-6.203153269578701862e-02
-6.203153269578701862e-02
-6.160954948016941768e-02
-6.160954948016941768e-02
-6.160954948016941768e-02
-6.160954948016941768e-02
-6.160954948016941768e-02
-6.119326874043854586e-02
-6.119326874043854586e-02
-6.119326874043854586e-02
-6.119326874043854586e-02
-6.119326874043854586e-02
-6.078257566164364800e-02
-6.078257566164364800e-02
-6.078257566164364800e-02
-6.078257566164364800e-02
-6.078257566164364800e-02
-6.037735849056602433e-02
-6.037735849056602433e-02
-6.037735849056602433e-02
-6.037735849056602433e-02
-6.037735849056602433e-02
-5.997750843433711371e-02
-5.997750843433711371e-02
-5.997750843433711371e-02
-5.997750843433711371e-02
-5.997750843433711371e-02
-5.958291956305858394e-02
-5.958291956305858394e-02
-5.958291956305858394e-02
-5.958291956305858394e-02
-5.958291956305858394e-02
-5.919348871624120073e-02
-5.919348871624120073e-02
-5.919348871624120073e-02
-5.919348871624120073e-02
-5.919348871624120073e-02
-5.880911541288898203e-02
-5.880911541288898203e-02
-5.880911541288898203e-02
-5.880911541288898203e-02
-5.880911541288898203e-02
-5.842970176506390168e-02
-5.842970176506390168e-02
-5.842970176506390168e-02
-5.842970176506390168e-02
-5.842970176506390168e-02
-5.805515239477503087e-02
-5.805515239477503087e-02
-5.805515239477503087e-02
-5.805515239477503087e-02
-5.805515239477503087e-02
-5.768537435404397229e-02
-5.768537435404397229e-02
-5.768537435404397229e-02
-5.768537435404397229e-02
-5.768537435404397229e-02
-5.732027704800572027e-02
-5.732027704800572027e-02
-5.732027704800572027e-02
-5.732027704800572027e-02
-5.732027704800572027e-02
-5.695977216091133860e-02
-5.695977216091133860e-02
-5.695977216091133860e-02
-5.695977216091133860e-02
-1.139195443218226772e-01
-1.132075471698112956e-01
-1.132075471698112956e-01
-1.132075471698112956e-01
-1.132075471698112956e-01
-1.132075471698112956e-01
-1.125043947029180508e-01
-1.125043947029180508e-01
-1.125043947029180508e-01
-1.125043947029180508e-01
-1.125043947029180508e-01
-1.118099231306778213e-01
-1.118099231306778213e-01
-1.118099231306778213e-01
-1.118099231306778213e-01
-1.118099231306778213e-01
-1.111239726820233559e-01
-1.111239726820233559e-01
-1.111239726820233559e-01
-1.111239726820233559e-01
-1.111239726820233559e-01
-1.104463874827427278e-01
-1.104463874827427278e-01
-1.104463874827427278e-01
-1.104463874827427278e-01
-1.104463874827427278e-01
-1.097770154373927803e-01
-1.097770154373927803e-01
-1.097770154373927803e-01
-1.097770154373927803e-01
-1.097770154373927803e-01
-1.091157081154807695e-01
-1.091157081154807695e-01
-1.091157081154807695e-01
-1.091157081154807695e-01
-1.091157081154807695e-01
-1.084623206417353741e-01
-1.084623206417353741e-01
-1.084623206417353741e-01
-1.084623206417353741e-01
-1.084623206417353741e-01
-1.078167115902964879e-01
-1.078167115902964879e-01
-1.078167115902964879e-01
-1.078167115902964879e-01
-1.078167115902964879e-01
-1.071787428826615762e-01
-1.071787428826615762e-01
-1.071787428826615762e-01
-1.071787428826615762e-01
-5.358937144133078812e-02
-5.327413984461708274e-02
-5.327413984461708274e-02
-5.327413984461708274e-02
-5.327413984461708274e-02
-5.327413984461708274e-02
-5.296259516716318033e-02
-5.296259516716318033e-02
-5.296259516716318033e-02
-5.296259516716318033e-02
-5.296259516716318033e-02
-5.265467310223780756e-02
-5.265467310223780756e-02
-5.265467310223780756e-02
-5.265467310223780756e-02
-5.265467310223780756e-02
-5.235031082997054774e-02
-5.235031082997054774e-02
-5.235031082997054774e-02
-5.235031082997054774e-02
-5.235031082997054774e-02
-5.204944697462588615e-02
-5.204944697462588615e-02
-5.204944697462588615e-02
-5.204944697462588615e-02
-5.204944697462588615e-02
-5.175202156334230558e-02
-5.175202156334230558e-02
-5.175202156334230558e-02
-5.175202156334230558e-02
-5.175202156334230558e-02
-5.145797598627786795e-02
-5.145797598627786795e-02
-5.145797598627786795e-02
-5.145797598627786795e-02
-5.145797598627786795e-02
-5.116725295810679863e-02
-5.116725295810679863e-02
-5.116725295810679863e-02
-5.116725295810679863e-02
-5.116725295810679863e-02
-5.087979648081406708e-02
-5.087979648081406708e-02
-5.087979648081406708e-02
-5.087979648081406708e-02
-5.087979648081406708e-02
-5.059555180773689376e-02
-5.059555180773689376e-02
-5.059555180773689376e-02
-5.059555180773689376e-02
-5.059555180773689376e-02
-5.031446540880502721e-02
-5.031446540880502721e-02
-5.031446540880502721e-02
-5.031446540880502721e-02
-5.031446540880502721e-02
-5.003648493693316907e-02
-5.003648493693316907e-02
-5.003648493693316907e-02
-5.003648493693316907e-02
-5.003648493693316907e-02
-4.976155919552145701e-02
-4.976155919552145701e-02
-4.976155919552145701e-02
-4.976155919552145701e-02
-4.976155919552145701e-02
-4.948963810702133176e-02
-4.948963810702133176e-02
-4.948963810702133176e-02
-4.948963810702133176e-02
-4.948963810702133176e-02
-4.922067268252665329e-02
-4.922067268252665329e-02
-4.922067268252665329e-02
-4.922067268252665329e-02
-4.922067268252665329e-02
-4.895461499235083391e-02
-4.895461499235083391e-02
-4.895461499235083391e-02
-4.895461499235083391e-02
-4.895461499235083391e-02
-9.738283627510649354e-02
-9.738283627510649354e-02
-9.738283627510649354e-02
-9.738283627510649354e-02
-9.738283627510649354e-02
-9.686207244475832090e-02
-9.686207244475832090e-02
-9.686207244475832090e-02
-9.686207244475832090e-02
-9.686207244475832090e-02
-9.634684865515855123e-02
-9.634684865515855123e-02
-9.634684865515855123e-02
-9.634684865515855123e-02
-9.634684865515855123e-02
-9.583707696915241825e-02
-9.583707696915241825e-02
-9.583707696915241825e-02
-9.583707696915241825e-02
-9.583707696915241825e-02
-9.533267130089372043e-02
-9.533267130089372043e-02
-9.533267130089372043e-02
-9.533267130089372043e-02
-9.533267130089372043e-02
-9.483354736738119906e-02
-9.483354736738119906e-02
-9.483354736738119906e-02
-9.483354736738119906e-02
-9.483354736738119906e-02
-9.433962264150941301e-02
-9.433962264150941301e-02
-9.433962264150941301e-02
-9.433962264150941301e-02
-9.433962264150941301e-02
-9.385081630657932106e-02
-9.385081630657932106e-02
-9.385081630657932106e-02
-9.385081630657932106e-02
-9.385081630657932106e-02
-9.336704921221551656e-02
-9.336704921221551656e-02
-9.336704921221551656e-02
-9.336704921221551656e-02
-9.336704921221551656e-02
-9.288824383164004383e-02
-9.288824383164004383e-02
-9.288824383164004383e-02
-9.288824383164004383e-02
-9.288824383164004383e-02
-9.241432422025412652e-02
-9.241432422025412652e-02
-9.241432422025412652e-02
-9.241432422025412652e-02
-9.241432422025412652e-02
-9.194521597548126202e-02
-9.194521597548126202e-02
-9.194521597548126202e-02
-9.194521597548126202e-02
-9.194521597548126202e-02
-9.148084619782731464e-02
-9.148084619782731464e-02
-9.148084619782731464e-02
-9.148084619782731464e-02
-9.148084619782731464e-02
-9.102114345311461407e-02
-9.102114345311461407e-02
-9.102114345311461407e-02
-4.551057172655730704e-02
-4.551057172655730704e-02
-4.528301886792451825e-02
-4.528301886792451825e-02
-4.528301886792451825e-02
-4.528301886792451825e-02
-4.528301886792451825e-02
-4.505773021684032070e-02
-4.505773021684032070e-02
-4.505773021684032070e-02
-4.505773021684032070e-02
-4.505773021684032070e-02
-4.483467214645991961e-02
-4.483467214645991961e-02
-4.483467214645991961e-02
-4.483467214645991961e-02
-4.483467214645991961e-02
-4.461381169253647583e-02
-4.461381169253647583e-02
-4.461381169253647583e-02
-4.461381169253647583e-02
-4.461381169253647583e-02
-4.439511653718090228e-02
-4.439511653718090228e-02
-4.439511653718090228e-02
-4.439511653718090228e-02
-4.439511653718090228e-02
-4.417855499309709250e-02
-4.417855499309709250e-02
-4.417855499309709250e-02
-4.417855499309709250e-02
-4.417855499309709250e-02
-4.396409598827623333e-02
-4.396409598827623333e-02
-4.396409598827623333e-02
-4.396409598827623333e-02
-4.396409598827623333e-02
-4.375170905113480446e-02
-4.375170905113480446e-02
-4.375170905113480446e-02
-4.375170905113480446e-02
-4.375170905113480446e-02
-4.354136429608126968e-02
-4.354136429608126968e-02
-4.354136429608126968e-02
-4.354136429608126968e-02
-4.354136429608126968e-02
-4.333303240949715196e-02
-4.333303240949715196e-02
-4.333303240949715196e-02
-4.333303240949715196e-02
-4.333303240949715196e-02
-4.312668463611859376e-02
-4.312668463611859376e-02
-4.312668463611859376e-02
-4.312668463611859376e-02
-4.312668463611859376e-02
-4.292229276580523251e-02
-4.292229276580523251e-02
-4.292229276580523251e-02
-4.292229276580523251e-02
-4.292229276580523251e-02
-4.271982912068351262e-02
-4.271982912068351262e-02
-4.271982912068351262e-02
-4.271982912068351262e-02
-4.271982912068351262e-02
-4.251926654265213157e-02
-4.251926654265213157e-02
-4.251926654265213157e-02
-4.251926654265213157e-02
-4.251926654265213157e-02
-4.232057838123787219e-02
-4.232057838123787219e-02
-4.232057838123787219e-02
-8.464115676247574438e-02
-8.464115676247574438e-02
-8.424747696358050875e-02
-8.424747696358050875e-02
-8.424747696358050875e-02
-8.424747696358050875e-02
-8.424747696358050875e-02
-8.385744234800837638e-02
-8.385744234800837638e-02
-8.385744234800837638e-02
-8.385744234800837638e-02
-8.385744234800837638e-02
-8.347100252151985755e-02
-8.347100252151985755e-02
-8.347100252151985755e-02
-8.347100252151985755e-02
-8.347100252151985755e-02
-8.308810801454040440e-02
-8.308810801454040440e-02
-8.308810801454040440e-02
-8.308810801454040440e-02
-8.308810801454040440e-02
-8.270871026104935353e-02
-8.270871026104935353e-02
-8.270871026104935353e-02
-8.270871026104935353e-02
-8.270871026104935353e-02
-8.233276157804457485e-02
-8.233276157804457485e-02
-8.233276157804457485e-02
-8.233276157804457485e-02
-8.233276157804457485e-02
-8.196021514556474374e-02
-8.196021514556474374e-02
-8.196021514556474374e-02
-8.196021514556474374e-02
-8.196021514556474374e-02
-8.159102498725138986e-02
-8.159102498725138986e-02
-8.159102498725138986e-02
-8.159102498725138986e-02
-8.159102498725138986e-02
-8.122514595143411065e-02
-8.122514595143411065e-02
-8.122514595143411065e-02
-8.122514595143411065e-02
-8.122514595143411065e-02
-8.086253369272236591e-02
-8.086253369272236591e-02
-8.086253369272236591e-02
-8.086253369272236591e-02
-8.086253369272236591e-02
-8.050314465408804632e-02
-8.050314465408804632e-02
-8.050314465408804632e-02
-8.050314465408804632e-02
-8.050314465408804632e-02
-8.014693604942392524e-02
-8.014693604942392524e-02
-8.014693604942392524e-02
-8.014693604942392524e-02
-8.014693604942392524e-02
-7.979386584656303349e-02
-7.979386584656303349e-02
-7.979386584656303349e-02
-7.979386584656303349e-02
-7.979386584656303349e-02
-7.944389275074477397e-02
-7.944389275074477397e-02
-7.944389275074477397e-02
-7.944389275074477397e-02
-7.944389275074477397e-02
-7.909697618851445344e-02
-7.909697618851445344e-02
-7.909697618851445344e-02
-7.909697618851445344e-02
-7.909697618851445344e-02
-7.875307629204264526e-02
-7.875307629204264526e-02
-7.875307629204264526e-02
-7.875307629204264526e-02
-7.875307629204264526e-02
-7.841215388385198992e-02
-7.841215388385198992e-02
-7.841215388385198992e-02
-7.841215388385198992e-02
-7.841215388385198992e-02
-7.807417046193883270e-02
-7.807417046193883270e-02
-3.903708523096941635e-02
-3.903708523096941635e-02
-3.903708523096941635e-02
-3.886954409263906896e-02
-3.886954409263906896e-02
-3.886954409263906896e-02
-3.886954409263906896e-02
-3.886954409263906896e-02
-3.870343492985001826e-02
-3.870343492985001826e-02
-3.870343492985001826e-02
-3.870343492985001826e-02
-3.870343492985001826e-02
-3.853873946206342466e-02
-3.853873946206342466e-02
-3.853873946206342466e-02
-3.853873946206342466e-02
-3.853873946206342466e-02
-3.837543971858010244e-02
-3.837543971858010244e-02
-3.837543971858010244e-02
-3.837543971858010244e-02
-3.837543971858010244e-02
-3.821351803200381814e-02
-3.821351803200381814e-02
-3.821351803200381814e-02
-3.821351803200381814e-02
-3.821351803200381814e-02
-3.805295703186934581e-02
-3.805295703186934581e-02
-3.805295703186934581e-02
-3.805295703186934581e-02
-3.805295703186934581e-02
-3.789373963843056109e-02
-3.789373963843056109e-02
-3.789373963843056109e-02
-3.789373963843056109e-02
-3.789373963843056109e-02
-3.773584905660376521e-02
-3.773584905660376521e-02
-3.773584905660376521e-02
-3.773584905660376521e-02
-3.773584905660376521e-02
-3.757926877006184663e-02
-3.757926877006184663e-02
-3.757926877006184663e-02
-3.757926877006184663e-02
-3.757926877006184663e-02
-3.742398253547481179e-02
-3.742398253547481179e-02
-3.742398253547481179e-02
-3.742398253547481179e-02
-3.742398253547481179e-02
-3.726997437689261172e-02
-3.726997437689261172e-02
-3.726997437689261172e-02
-3.726997437689261172e-02
-3.726997437689261172e-02
-3.711722858026600402e-02
-3.711722858026600402e-02
-3.711722858026600402e-02
-3.711722858026600402e-02
-3.711722858026600402e-02
-3.696572968810165477e-02
-3.696572968810165477e-02
-3.696572968810165477e-02
-7.393145937620339281e-02
-7.393145937620339281e-02
-7.363092498849524437e-02
-7.363092498849524437e-02
-7.363092498849524437e-02
-7.363092498849524437e-02
-7.363092498849524437e-02
-7.333282407761064492e-02
-7.333282407761064492e-02
-7.333282407761064492e-02
-7.333282407761064492e-02
-7.333282407761064492e-02
-7.303712720632996036e-02
-7.303712720632996036e-02
-7.303712720632996036e-02
-7.303712720632996036e-02
-7.303712720632996036e-02
-7.274380541032060554e-02
-7.274380541032060554e-02
-7.274380541032060554e-02
-7.274380541032060554e-02
-7.274380541032060554e-02
-7.245283018867931801e-02
-7.245283018867931801e-02
-7.245283018867931801e-02
-7.245283018867931801e-02
-7.245283018867931801e-02
-7.216417349470051479e-02
-7.216417349470051479e-02
-7.216417349470051479e-02
-7.216417349470051479e-02
-7.216417349470051479e-02
-7.187780772686440389e-02
-7.187780772686440389e-02
-7.187780772686440389e-02
-7.187780772686440389e-02
-7.187780772686440389e-02
-7.159370572003885547e-02
-7.159370572003885547e-02
-7.159370572003885547e-02
-7.159370572003885547e-02
-7.159370572003885547e-02
-7.131184073688909275e-02
-7.131184073688909275e-02
-7.131184073688909275e-02
-7.131184073688909275e-02
-7.131184073688909275e-02
-7.103218645948952692e-02
-7.103218645948952692e-02
-7.103218645948952692e-02
-7.103218645948952692e-02
-7.103218645948952692e-02
-7.075471698113214303e-02
-7.075471698113214303e-02
-7.075471698113214303e-02
-7.075471698113214303e-02
-7.075471698113214303e-02
-7.047940679832619126e-02
-7.047940679832619126e-02
-7.047940679832619126e-02
-7.047940679832619126e-02
-7.047940679832619126e-02
-7.020623080298382668e-02
-7.020623080298382668e-02
-7.020623080298382668e-02
-7.020623080298382668e-02
-7.020623080298382668e-02
-6.993516427478699282e-02
-6.993516427478699282e-02
-6.993516427478699282e-02
-6.993516427478699282e-02
-6.993516427478699282e-02
-6.966618287373010920e-02
-6.966618287373010920e-02
-6.966618287373010920e-02
-6.966618287373010920e-02
-6.966618287373010920e-02
-6.939926263283460739e-02
-6.939926263283460739e-02
-6.939926263283460739e-02
-6.939926263283460739e-02
-6.939926263283460739e-02
-6.913437995102988953e-02
-6.913437995102988953e-02
-6.913437995102988953e-02
-6.913437995102988953e-02
-6.913437995102988953e-02
-6.887151158619707336e-02
-6.887151158619707336e-02
-6.887151158619707336e-02
-6.887151158619707336e-02
-6.887151158619707336e-02
-6.861063464837056924e-02
-6.861063464837056924e-02
-6.861063464837056924e-02
-6.861063464837056924e-02
-6.861063464837056924e-02
-6.835172659309370069e-02
-6.835172659309370069e-02
-6.835172659309370069e-02
-6.835172659309370069e-02
-6.835172659309370069e-02
-6.809476521492416334e-02
-6.809476521492416334e-02
-6.809476521492416334e-02
-6.809476521492416334e-02
-6.809476521492416334e-02
-6.783972864108550604e-02
-6.783972864108550604e-02
-6.783972864108550604e-02
-6.783972864108550604e-02
-6.783972864108550604e-02
-6.758659532526055391e-02
-3.379329766263031859e-02
-3.379329766263031859e-02
-3.379329766263031859e-02
-3.379329766263031859e-02
-3.366767202076180465e-02
-3.366767202076180465e-02
-3.366767202076180465e-02
-3.366767202076180465e-02
-3.366767202076180465e-02
-3.354297693920342549e-02
-3.354297693920342549e-02
-3.354297693920342549e-02
-3.354297693920342549e-02
-3.354297693920342549e-02
-3.341920211654954287e-02
-3.341920211654954287e-02
-3.341920211654954287e-02
-3.341920211654954287e-02
-3.341920211654954287e-02
-3.329633740288575477e-02
-3.329633740288575477e-02
-3.329633740288575477e-02
-3.329633740288575477e-02
-3.329633740288575477e-02
-3.317437279701437869e-02
-3.317437279701437869e-02
-3.317437279701437869e-02
-3.317437279701437869e-02
-3.317437279701437869e-02
-3.305329844374060161e-02
-3.305329844374060161e-02
-3.305329844374060161e-02
-3.305329844374060161e-02
-3.305329844374060161e-02
-3.293310463121790904e-02
-3.293310463121790904e-02
-3.293310463121790904e-02
-3.293310463121790904e-02
-3.293310463121790904e-02
-3.281378178835117621e-02
-3.281378178835117621e-02
-3.281378178835117621e-02
-3.281378178835117621e-02
-3.281378178835117621e-02
-3.269532048225605447e-02
-3.269532048225605447e-02
-3.269532048225605447e-02
-3.269532048225605447e-02
-3.269532048225605447e-02
-3.257771141577311264e-02
-3.257771141577311264e-02
-3.257771141577311264e-02
-3.257771141577311264e-02
-3.257771141577311264e-02
-6.492189085007107896e-02
-6.492189085007107896e-02
-6.492189085007107896e-02
-6.492189085007107896e-02
-6.492189085007107896e-02
-6.469002695417797044e-02
-6.469002695417797044e-02
-6.469002695417797044e-02
-6.469002695417797044e-02
-6.469002695417797044e-02
-6.445981333512394718e-02
-6.445981333512394718e-02
-6.445981333512394718e-02
-6.445981333512394718e-02
-6.445981333512394718e-02
-6.423123243677245076e-02
-6.423123243677245076e-02
-6.423123243677245076e-02
-6.423123243677245076e-02
-6.423123243677245076e-02
-6.400426695113013709e-02
-6.400426695113013709e-02
-6.400426695113013709e-02
-6.400426695113013709e-02
-6.400426695113013709e-02
-6.377889981397827368e-02
-6.377889981397827368e-02
-6.377889981397827368e-02
-6.377889981397827368e-02
-6.377889981397827368e-02
-6.355511420059589689e-02
-6.355511420059589689e-02
-6.355511420059589689e-02
-6.355511420059589689e-02
-6.355511420059589689e-02
-6.333289352157282781e-02
-6.333289352157282781e-02
-6.333289352157282781e-02
-6.333289352157282781e-02
-6.333289352157282781e-02
-6.311222141871021540e-02
-6.311222141871021540e-02
-6.311222141871021540e-02
-6.311222141871021540e-02
-6.311222141871021540e-02
-6.289308176100634473e-02
-6.289308176100634473e-02
-6.289308176100634473e-02
-6.289308176100634473e-02
-6.289308176100634473e-02
-6.267545864072605888e-02
-6.267545864072605888e-02
-6.267545864072605888e-02
-6.267545864072605888e-02
-6.267545864072605888e-02
-6.245933636955113000e-02
-6.245933636955113000e-02
-6.245933636955113000e-02
-6.245933636955113000e-02
-6.245933636955113000e-02
-6.224469947481040683e-02
-6.224469947481040683e-02
-6.224469947481040683e-02
-6.224469947481040683e-02
-6.224469947481040683e-02
-6.203153269578708801e-02
-6.203153269578708801e-02
-6.203153269578708801e-02
-6.203153269578708801e-02
-6.203153269578708801e-02
-6.181982098010180282e-02
-6.181982098010180282e-02
-6.181982098010180282e-02
-6.181982098010180282e-02
-6.181982098010180282e-02
-6.160954948016948013e-02
-6.160954948016948013e-02
-6.160954948016948013e-02
-6.160954948016948013e-02
-6.160954948016948013e-02
-6.140070354972822914e-02
-6.140070354972822914e-02
-6.140070354972822914e-02
-6.140070354972822914e-02
-6.140070354972822914e-02
-6.119326874043861525e-02
-6.119326874043861525e-02
-6.119326874043861525e-02
-6.119326874043861525e-02
-6.119326874043861525e-02
-6.098723079855161711e-02
-6.098723079855161711e-02
-6.098723079855161711e-02
-6.098723079855161711e-02
-6.098723079855161711e-02
-6.078257566164371739e-02
-6.078257566164371739e-02
-6.078257566164371739e-02
-6.078257566164371739e-02
-6.078257566164371739e-02
-6.057928945541748988e-02
-6.057928945541748988e-02
-6.057928945541748988e-02
-6.057928945541748988e-02
-6.057928945541748988e-02
-6.037735849056610066e-02
-6.037735849056610066e-02
-6.037735849056610066e-02
-6.037735849056610066e-02
-6.037735849056610066e-02
-6.017676925970042584e-02
-6.017676925970042584e-02
-6.017676925970042584e-02
-6.017676925970042584e-02
-6.017676925970042584e-02
-5.997750843433717616e-02
-5.997750843433717616e-02
-5.997750843433717616e-02
-5.997750843433717616e-02
-5.997750843433717616e-02
-5.977956286194662655e-02
-5.977956286194662655e-02
-5.977956286194662655e-02
-5.977956286194662655e-02
-5.977956286194662655e-02
-5.958291956305864639e-02
-5.958291956305864639e-02
-5.958291956305864639e-02
-5.958291956305864639e-02
-5.958291956305864639e-02
-5.938756572842567028e-02
-5.938756572842567028e-02
-5.938756572842567028e-02
-5.938756572842567028e-02
-5.938756572842567028e-02
-5.919348871624127706e-02
-5.919348871624127706e-02
-5.919348871624127706e-02
-5.919348871624127706e-02
-2.959674435812060037e-02
-2.950033802470652597e-02
-2.950033802470652597e-02
-2.950033802470652597e-02
-2.950033802470652597e-02
-2.950033802470652597e-02
-2.940455770644449102e-02
-2.940455770644449102e-02
-2.940455770644449102e-02
-2.940455770644449102e-02
-2.940455770644449102e-02
-2.930939732551748542e-02
-2.930939732551748542e-02
-2.930939732551748542e-02
-2.930939732551748542e-02
-2.930939732551748542e-02
-2.921485088253195084e-02
-2.921485088253195084e-02
-2.921485088253195084e-02
-2.921485088253195084e-02
-2.921485088253195084e-02
-2.912091245525692818e-02
-2.912091245525692818e-02
-2.912091245525692818e-02
-2.912091245525692818e-02
-2.912091245525692818e-02
-2.902757619738751543e-02
-2.902757619738751543e-02
-2.902757619738751543e-02
-2.902757619738751543e-02
-2.902757619738751543e-02
-2.893483633733195948e-02
-2.893483633733195948e-02
-2.893483633733195948e-02
-2.893483633733195948e-02
-2.893483633733195948e-02
-2.884268717702198614e-02
-2.884268717702198614e-02
-2.884268717702198614e-02
-2.884268717702198614e-02
-5.768537435404397229e-02
-5.750224618149144679e-02
-5.750224618149144679e-02
-5.750224618149144679e-02
-5.750224618149144679e-02
-5.750224618149144679e-02
-5.732027704800572027e-02
-5.732027704800572027e-02
-5.732027704800572027e-02
-5.732027704800572027e-02
-5.732027704800572027e-02
-5.713945598476279780e-02
-5.713945598476279780e-02
-5.713945598476279780e-02
-5.713945598476279780e-02
-5.713945598476279780e-02
-5.695977216091133860e-02
-5.695977216091133860e-02
-5.695977216091133860e-02
-5.695977216091133860e-02
-5.695977216091133860e-02
-5.678121488141005258e-02
-5.678121488141005258e-02
-5.678121488141005258e-02
-5.678121488141005258e-02
-5.678121488141005258e-02
-5.660377358490564781e-02
-5.660377358490564781e-02
-5.660377358490564781e-02
-5.660377358490564781e-02
-5.660377358490564781e-02
-5.642743784165048931e-02
-5.642743784165048931e-02
-5.642743784165048931e-02
-5.642743784165048931e-02
-5.642743784165048931e-02
-5.625219735145902539e-02
-5.625219735145902539e-02
-5.625219735145902539e-02
-5.625219735145902539e-02
-5.625219735145902539e-02
-5.607804194170219747e-02
-5.607804194170219747e-02
-5.607804194170219747e-02
-5.607804194170219747e-02
-5.607804194170219747e-02
-5.590496156533891065e-02
-5.590496156533891065e-02
-5.590496156533891065e-02
-5.590496156533891065e-02
-5.590496156533891065e-02
-5.573294629898402353e-02
-5.573294629898402353e-02
-5.573294629898402353e-02
-5.573294629898402353e-02
-5.573294629898402353e-02
-5.556198634101167794e-02
-5.556198634101167794e-02
-5.556198634101167794e-02
-5.556198634101167794e-02
-5.556198634101167794e-02
-5.539207200969360062e-02
-5.539207200969360062e-02
-5.539207200969360062e-02
-5.539207200969360062e-02
-5.539207200969360062e-02
-5.522319374137136389e-02
-5.522319374137136389e-02
-5.522319374137136389e-02
-5.522319374137136389e-02
-5.522319374137136389e-02
-5.505534208866202928e-02
-5.505534208866202928e-02
-5.505534208866202928e-02
-5.505534208866202928e-02
-5.505534208866202928e-02
-5.488850771869639017e-02
-5.488850771869639017e-02
-5.488850771869639017e-02
-5.488850771869639017e-02
-5.488850771869639017e-02
-5.472268141138914715e-02
-5.472268141138914715e-02
-5.472268141138914715e-02
-5.472268141138914715e-02
-5.472268141138914715e-02
-5.455785405774038477e-02
-5.455785405774038477e-02
-5.455785405774038477e-02
-5.455785405774038477e-02
-5.455785405774038477e-02
-5.439401665816759324e-02
-5.439401665816759324e-02
-5.439401665816759324e-02
-5.439401665816759324e-02
-5.439401665816759324e-02
-5.423116032086768706e-02
-5.423116032086768706e-02
-5.423116032086768706e-02
-5.423116032086768706e-02
-5.423116032086768706e-02
-5.406927626020838207e-02
-5.406927626020838207e-02
-5.406927626020838207e-02
-5.406927626020838207e-02
-5.406927626020838207e-02
-5.390835579514824394e-02
-5.390835579514824394e-02
-5.390835579514824394e-02
-5.390835579514824394e-02
-5.390835579514824394e-02
-5.374839034768488788e-02
-5.374839034768488788e-02
-5.374839034768488788e-02
-5.374839034768488788e-02
-5.374839034768488788e-02
-5.358937144133078812e-02
-5.358937144133078812e-02
-5.358937144133078812e-02
-5.358937144133078812e-02
-5.358937144133078812e-02
-5.343129069961595479e-02
-5.343129069961595479e-02
-5.343129069961595479e-02
-5.343129069961595479e-02
-5.343129069961595479e-02
-5.327413984461708274e-02
-5.327413984461708274e-02
-5.327413984461708274e-02
-5.327413984461708274e-02
-5.327413984461708274e-02
-5.311791069551263095e-02
-5.311791069551263095e-02
-5.311791069551263095e-02
-5.311791069551263095e-02
-5.311791069551263095e-02
-5.296259516716318033e-02
-5.296259516716318033e-02
-5.296259516716318033e-02
-5.296259516716318033e-02
-5.296259516716318033e-02
-5.280818526871663976e-02
-5.280818526871663976e-02
-5.280818526871663976e-02
-5.280818526871663976e-02
-5.280818526871663976e-02
-5.265467310223780756e-02
-5.265467310223780756e-02
-5.265467310223780756e-02
-5.265467310223780756e-02
-5.265467310223780756e-02
-5.250205086136176119e-02
-5.250205086136176119e-02
-5.250205086136176119e-02
-5.250205086136176119e-02
-5.250205086136176119e-02
-5.235031082997054774e-02
-5.235031082997054774e-02
-5.235031082997054774e-02
-5.235031082997054774e-02
-5.235031082997054774e-02
-5.219944538089281438e-02
-5.219944538089281438e-02
-5.219944538089281438e-02
-5.219944538089281438e-02
-5.219944538089281438e-02
-5.204944697462588615e-02
-5.204944697462588615e-02
-5.204944697462588615e-02
-2.602472348731294308e-02
-2.602472348731294308e-02
-2.595015407903984023e-02
-2.595015407903984023e-02
-2.595015407903984023e-02
-2.595015407903984023e-02
-2.595015407903984023e-02
-2.587601078167115279e-02
-2.587601078167115279e-02
-2.587601078167115279e-02
-2.587601078167115279e-02
-2.587601078167115279e-02
-2.580228995323334551e-02
-2.580228995323334551e-02
-2.580228995323334551e-02
-2.580228995323334551e-02
-2.580228995323334551e-02
-2.572898799313893398e-02
-2.572898799313893398e-02
-2.572898799313893398e-02
-5.145797598627786795e-02
-5.145797598627786795e-02
-5.131220268320059452e-02
-5.131220268320059452e-02
-5.131220268320059452e-02
-5.131220268320059452e-02
-5.131220268320059452e-02
-5.116725295810679863e-02
-5.116725295810679863e-02
-5.116725295810679863e-02
-5.116725295810679863e-02
-5.116725295810679863e-02
-5.102311985118255372e-02
-5.102311985118255372e-02
-5.102311985118255372e-02
-5.102311985118255372e-02
-5.102311985118255372e-02
-5.087979648081406708e-02
-5.087979648081406708e-02
-5.087979648081406708e-02
-5.087979648081406708e-02
-5.087979648081406708e-02
-5.073727604249246570e-02
-5.073727604249246570e-02
-5.073727604249246570e-02
-5.073727604249246570e-02
-5.073727604249246570e-02
-5.059555180773689376e-02
-5.059555180773689376e-02
-5.059555180773689376e-02
-5.059555180773689376e-02
-5.059555180773689376e-02
-5.045461712303567214e-02
-5.045461712303567214e-02
-5.045461712303567214e-02
-5.045461712303567214e-02
-5.045461712303567214e-02
-5.031446540880502721e-02
-5.031446540880502721e-02
-5.031446540880502721e-02
-5.031446540880502721e-02
-5.031446540880502721e-02
-5.017509015836511821e-02
-5.017509015836511821e-02
-5.017509015836511821e-02
-5.017509015836511821e-02
-5.017509015836511821e-02
-5.003648493693316907e-02
-5.003648493693316907e-02
-5.003648493693316907e-02
-5.003648493693316907e-02
-5.003648493693316907e-02
-4.989864338063307314e-02
-4.989864338063307314e-02
-4.989864338063307314e-02
-4.989864338063307314e-02
-4.989864338063307314e-02
-4.976155919552145701e-02
-4.976155919552145701e-02
-4.976155919552145701e-02
-4.976155919552145701e-02
-4.976155919552145701e-02
-4.962522615662961351e-02
-4.962522615662961351e-02
-4.962522615662961351e-02
-4.962522615662961351e-02
-4.962522615662961351e-02
-4.948963810702133176e-02
-4.948963810702133176e-02
-4.948963810702133176e-02
-4.948963810702133176e-02
-4.948963810702133176e-02
-4.935478895686595813e-02
-4.935478895686595813e-02
-4.935478895686595813e-02
-4.935478895686595813e-02
-4.935478895686595813e-02
-4.922067268252665329e-02
-4.922067268252665329e-02
-4.922067268252665329e-02
-4.922067268252665329e-02
-4.922067268252665329e-02
-4.908728332566344305e-02
-4.908728332566344305e-02
-4.908728332566344305e-02
-4.908728332566344305e-02
-4.908728332566344305e-02
-4.895461499235083391e-02
-4.895461499235083391e-02
-4.895461499235083391e-02
-4.895461499235083391e-02
-4.895461499235083391e-02
-4.882266185220972970e-02
-4.882266185220972970e-02
-4.882266185220972970e-02
-4.882266185220972970e-02
-4.882266185220972970e-02
-4.869141813755324677e-02
-4.869141813755324677e-02
-4.869141813755324677e-02
-4.869141813755324677e-02
-4.869141813755324677e-02
-4.856087814254640700e-02
-4.856087814254640700e-02
-4.856087814254640700e-02
-4.856087814254640700e-02
-4.856087814254640700e-02
-4.843103622237916045e-02
-4.843103622237916045e-02
-4.843103622237916045e-02
-4.843103622237916045e-02
-4.843103622237916045e-02
-4.830188679245282085e-02
-4.830188679245282085e-02
-4.830188679245282085e-02
-4.830188679245282085e-02
-4.830188679245282085e-02
-4.817342432757927562e-02
-4.817342432757927562e-02
-4.817342432757927562e-02
-4.817342432757927562e-02
-4.817342432757927562e-02
-4.804564336119312995e-02
-4.804564336119312995e-02
-4.804564336119312995e-02
-4.804564336119312995e-02
-4.804564336119312995e-02
-4.791853848457620912e-02
-4.791853848457620912e-02
-4.791853848457620912e-02
-4.791853848457620912e-02
-4.791853848457620912e-02
-4.779210434609448138e-02
-4.779210434609448138e-02
-4.779210434609448138e-02
-4.779210434609448138e-02
-4.779210434609448138e-02
-4.766633565044686022e-02
-4.766633565044686022e-02
-4.766633565044686022e-02
-4.766633565044686022e-02
-4.766633565044686022e-02
-4.754122715792600401e-02
-4.754122715792600401e-02
-4.754122715792600401e-02
-4.754122715792600401e-02
-4.754122715792600401e-02
-4.741677368369059953e-02
-4.741677368369059953e-02
-4.741677368369059953e-02
-4.741677368369059953e-02
-4.741677368369059953e-02
-4.729297009704910848e-02
-4.729297009704910848e-02
-4.729297009704910848e-02
-4.729297009704910848e-02
-4.729297009704910848e-02
-4.716981132075470651e-02
-4.716981132075470651e-02
-4.716981132075470651e-02
-4.716981132075470651e-02
-4.716981132075470651e-02
-4.704729233031118563e-02
-4.704729233031118563e-02
-4.704729233031118563e-02
-4.704729233031118563e-02
-4.704729233031118563e-02
-4.692540815328966053e-02
-4.692540815328966053e-02
-4.692540815328966053e-02
-4.692540815328966053e-02
-4.692540815328966053e-02
-4.680415386865583588e-02
-4.680415386865583588e-02
-4.680415386865583588e-02
-4.680415386865583588e-02
-4.680415386865583588e-02
-4.668352460610775828e-02
-4.668352460610775828e-02
-4.668352460610775828e-02
-4.668352460610775828e-02
-4.668352460610775828e-02
-4.656351554542367127e-02
-4.656351554542367127e-02
-4.656351554542367127e-02
-4.656351554542367127e-02
-4.656351554542367127e-02
-4.644412191582002192e-02
-4.644412191582002192e-02
-4.644412191582002192e-02
-4.644412191582002192e-02
-4.644412191582002192e-02
-4.632533899531920268e-02
-4.632533899531920268e-02
-4.632533899531920268e-02
-4.632533899531920268e-02
-4.632533899531920268e-02
-6.931074316519059142e-02
-6.931074316519059142e-02
-6.931074316519059142e-02
-6.931074316519059142e-02
-6.931074316519059142e-02
-6.913437995102980627e-02
-6.913437995102980627e-02
-4.608958663401986622e-02
-4.608958663401986622e-02
-4.608958663401986622e-02
-4.597260798774063101e-02
-4.597260798774063101e-02
-4.597260798774063101e-02
-4.597260798774063101e-02
-4.597260798774063101e-02
-4.585622163840458176e-02
-4.585622163840458176e-02
-4.585622163840458176e-02
-4.585622163840458176e-02
-4.585622163840458176e-02
-4.574042309891365732e-02
-4.574042309891365732e-02
-4.574042309891365732e-02
-4.574042309891365732e-02
-4.574042309891365732e-02
-4.562520792737986830e-02
-4.562520792737986830e-02
-4.562520792737986830e-02
-4.562520792737986830e-02
-4.562520792737986830e-02
-4.551057172655730704e-02
-4.551057172655730704e-02
-4.551057172655730704e-02
-4.551057172655730704e-02
-4.551057172655730704e-02
-4.539651014328272699e-02
-4.539651014328272699e-02
-4.539651014328272699e-02
-4.539651014328272699e-02
-4.539651014328272699e-02
-4.528301886792451825e-02
-4.528301886792451825e-02
-4.528301886792451825e-02
-4.528301886792451825e-02
-4.528301886792451825e-02
-4.517009363383991949e-02
-4.517009363383991949e-02
-4.517009363383991949e-02
-4.517009363383991949e-02
-4.517009363383991949e-02
-4.505773021684032070e-02
-4.505773021684032070e-02
-4.505773021684032070e-02
-4.505773021684032070e-02
-4.505773021684032070e-02
-4.494592443466453868e-02
-4.494592443466453868e-02
-4.494592443466453868e-02
-4.494592443466453868e-02
-4.494592443466453868e-02
-4.483467214645991961e-02
-4.483467214645991961e-02
-4.483467214645991961e-02
-4.483467214645991961e-02
-4.483467214645991961e-02
-4.472396925227112990e-02
-4.472396925227112990e-02
-4.472396925227112990e-02
-4.472396925227112990e-02
-4.472396925227112990e-02
-4.461381169253647583e-02
-4.461381169253647583e-02
-4.461381169253647583e-02
-4.461381169253647583e-02
-4.461381169253647583e-02
-4.450419544759166846e-02
-4.450419544759166846e-02
-4.450419544759166846e-02
-4.450419544759166846e-02
-4.450419544759166846e-02
-4.439511653718090228e-02
-4.439511653718090228e-02
-4.439511653718090228e-02
-4.439511653718090228e-02
-4.439511653718090228e-02
-4.428657101997508089e-02
-4.428657101997508089e-02
-4.428657101997508089e-02
-4.428657101997508089e-02
-4.428657101997508089e-02
-4.417855499309709250e-02
-4.417855499309709250e-02
-4.417855499309709250e-02
-4.417855499309709250e-02
-4.417855499309709250e-02
-4.407106459165403833e-02
-4.407106459165403833e-02
-4.407106459165403833e-02
-4.407106459165403833e-02
-4.407106459165403833e-02
-4.396409598827623333e-02
-4.396409598827623333e-02
-4.396409598827623333e-02
-4.396409598827623333e-02
-4.396409598827623333e-02
-4.385764539266297918e-02
-4.385764539266297918e-02
-4.385764539266297918e-02
-4.385764539266297918e-02
-4.385764539266297918e-02
-4.375170905113480446e-02
-4.375170905113480446e-02
-4.375170905113480446e-02
-4.375170905113480446e-02
-4.375170905113480446e-02
-4.364628324619231059e-02
-4.364628324619231059e-02
-4.364628324619231059e-02
-4.364628324619231059e-02
-4.364628324619231059e-02
-4.354136429608126968e-02
-4.354136429608126968e-02
-4.354136429608126968e-02
-4.354136429608126968e-02
-4.354136429608126968e-02
-4.343694855436405072e-02
-4.343694855436405072e-02
-4.343694855436405072e-02
-4.343694855436405072e-02
-4.343694855436405072e-02
-4.333303240949715196e-02
-4.333303240949715196e-02
-4.333303240949715196e-02
-4.333303240949715196e-02
-4.333303240949715196e-02
-4.322961228441481868e-02
-4.322961228441481868e-02
-4.322961228441481868e-02
-4.322961228441481868e-02
-4.322961228441481868e-02
-4.312668463611859376e-02
-4.312668463611859376e-02
-4.312668463611859376e-02
-4.312668463611859376e-02
-4.312668463611859376e-02
-4.302424595527270385e-02
-4.302424595527270385e-02
-4.302424595527270385e-02
-4.302424595527270385e-02
-4.302424595527270385e-02
-4.292229276580523251e-02
-4.292229276580523251e-02
-4.292229276580523251e-02
-4.292229276580523251e-02
-4.292229276580523251e-02
-4.282082162451491397e-02
-4.282082162451491397e-02
-4.282082162451491397e-02
-4.282082162451491397e-02
-4.282082162451491397e-02
-4.271982912068351262e-02
-4.271982912068351262e-02
-4.271982912068351262e-02
-4.271982912068351262e-02
-4.271982912068351262e-02
-4.261931187569367036e-02
-4.261931187569367036e-02
-4.261931187569367036e-02
-4.261931187569367036e-02
-4.261931187569367036e-02
-4.251926654265213157e-02
-4.251926654265213157e-02
-4.251926654265213157e-02
-4.251926654265213157e-02
-4.251926654265213157e-02
-4.241968980601829031e-02
-4.241968980601829031e-02
-4.241968980601829031e-02
-4.241968980601829031e-02
-4.241968980601829031e-02
-4.232057838123787219e-02
-4.232057838123787219e-02
-4.232057838123787219e-02
-4.232057838123787219e-02
-4.232057838123787219e-02
-4.222192901438183432e-02
-4.222192901438183432e-02
-4.222192901438183432e-02
-4.222192901438183432e-02
-4.222192901438183432e-02
-4.212373848179025437e-02
-4.212373848179025437e-02
-4.212373848179025437e-02
-4.212373848179025437e-02
-4.212373848179025437e-02
-4.202600358972113231e-02
-4.202600358972113231e-02
-4.202600358972113231e-02
-4.202600358972113231e-02
-4.202600358972113231e-02
-4.192872117400418819e-02
-4.192872117400418819e-02
-4.192872117400418819e-02
-4.192872117400418819e-02
-4.192872117400418819e-02
-4.183188809969932281e-02
-6.274783214954898769e-02
-6.274783214954898769e-02
-6.274783214954898769e-02
-6.274783214954898769e-02
-6.260325189113988276e-02
-6.260325189113988276e-02
-6.260325189113988276e-02
-6.260325189113988276e-02
-6.260325189113988276e-02
-6.245933636955106061e-02
-6.245933636955106061e-02
-6.245933636955106061e-02
-6.245933636955106061e-02
-6.245933636955106061e-02
-6.231608101090530677e-02
-6.231608101090530677e-02
-6.231608101090530677e-02
-6.231608101090530677e-02
-6.231608101090530677e-02
-6.217348128319156314e-02
-6.217348128319156314e-02
-6.217348128319156314e-02
-6.217348128319156314e-02
-6.217348128319156314e-02
-6.203153269578701862e-02
-6.203153269578701862e-02
-6.203153269578701862e-02
-6.203153269578701862e-02
-6.203153269578701862e-02
-6.189023079898567370e-02
-6.189023079898567370e-02
-6.189023079898567370e-02
-6.189023079898567370e-02
-6.189023079898567370e-02
-6.174957118353343460e-02
-6.174957118353343460e-02
-6.174957118353343460e-02
-4.116638078902228742e-02
-4.116638078902228742e-02
-4.107303298677961179e-02
-4.107303298677961179e-02
-4.107303298677961179e-02
-4.107303298677961179e-02
-4.107303298677961179e-02
-4.098010757278237187e-02
-4.098010757278237187e-02
-4.098010757278237187e-02
-4.098010757278237187e-02
-4.098010757278237187e-02
-4.088760168661356026e-02
-4.088760168661356026e-02
-4.088760168661356026e-02
-4.088760168661356026e-02
-4.088760168661356026e-02
-4.079551249362569493e-02
-4.079551249362569493e-02
-4.079551249362569493e-02
-4.079551249362569493e-02
-4.079551249362569493e-02
-4.070383718465125228e-02
-4.070383718465125228e-02
-4.070383718465125228e-02
-4.070383718465125228e-02
-4.070383718465125228e-02
-4.061257297571705532e-02
-4.061257297571705532e-02
-4.061257297571705532e-02
-4.061257297571705532e-02
-4.061257297571705532e-02
-4.052171710776243663e-02
-4.052171710776243663e-02
-4.052171710776243663e-02
-4.052171710776243663e-02
-4.052171710776243663e-02
-4.043126684636118295e-02
-4.043126684636118295e-02
-4.043126684636118295e-02
-4.043126684636118295e-02
-4.043126684636118295e-02
-4.034121948144723385e-02
-4.034121948144723385e-02
-4.034121948144723385e-02
-4.034121948144723385e-02
-4.034121948144723385e-02
-4.025157232704402316e-02
-4.025157232704402316e-02
-4.025157232704402316e-02
-4.025157232704402316e-02
-4.025157232704402316e-02
-4.016232272099735934e-02
-4.016232272099735934e-02
-4.016232272099735934e-02
-4.016232272099735934e-02
-4.016232272099735934e-02
-4.007346802471196262e-02
-4.007346802471196262e-02
-4.007346802471196262e-02
-4.007346802471196262e-02
-4.007346802471196262e-02
-3.998500562289140914e-02
-3.998500562289140914e-02
-3.998500562289140914e-02
-3.998500562289140914e-02
-3.998500562289140914e-02
-3.989693292328151675e-02
-3.989693292328151675e-02
-3.989693292328151675e-02
-3.989693292328151675e-02
-3.989693292328151675e-02
-3.980924735641715867e-02
-3.980924735641715867e-02
-3.980924735641715867e-02
-3.980924735641715867e-02
-3.980924735641715867e-02
-3.972194637537238698e-02
-3.972194637537238698e-02
-3.972194637537238698e-02
-3.972194637537238698e-02
-3.972194637537238698e-02
-3.963502745551380352e-02
-3.963502745551380352e-02
-3.963502745551380352e-02
-3.963502745551380352e-02
-3.963502745551380352e-02
-3.954848809425722672e-02
-3.954848809425722672e-02
-3.954848809425722672e-02
-3.954848809425722672e-02
-3.954848809425722672e-02
-3.946232581082746715e-02
-3.946232581082746715e-02
-3.946232581082746715e-02
-3.946232581082746715e-02
-3.946232581082746715e-02
-3.937653814602132263e-02
-3.937653814602132263e-02
-3.937653814602132263e-02
-3.937653814602132263e-02
-3.937653814602132263e-02
-3.929112266197355013e-02
-3.929112266197355013e-02
-3.929112266197355013e-02
-3.929112266197355013e-02
-3.929112266197355013e-02
-3.920607694192599496e-02
-3.920607694192599496e-02
-3.920607694192599496e-02
-3.920607694192599496e-02
-3.920607694192599496e-02
-3.912139858999958558e-02
-3.912139858999958558e-02
-3.912139858999958558e-02
-3.912139858999958558e-02
-3.912139858999958558e-02
-3.903708523096941635e-02
-3.903708523096941635e-02
-3.903708523096941635e-02
-3.903708523096941635e-02
-3.903708523096941635e-02
-3.895313451004259880e-02
-3.895313451004259880e-02
-3.895313451004259880e-02
-3.895313451004259880e-02
-3.895313451004259880e-02
-3.886954409263906896e-02
-3.886954409263906896e-02
-3.886954409263906896e-02
-3.886954409263906896e-02
-3.886954409263906896e-02
-3.878631166417517706e-02
-3.878631166417517706e-02
-3.878631166417517706e-02
-3.878631166417517706e-02
-3.878631166417517706e-02
-3.870343492985001826e-02
-3.870343492985001826e-02
-3.870343492985001826e-02
-3.870343492985001826e-02
-3.870343492985001826e-02
-3.862091161443455961e-02
-3.862091161443455961e-02
-3.862091161443455961e-02
-3.862091161443455961e-02
-3.862091161443455961e-02
-3.853873946206342466e-02
-3.853873946206342466e-02
-3.853873946206342466e-02
-3.853873946206342466e-02
-3.853873946206342466e-02
-3.845691623602931486e-02
-3.845691623602931486e-02
-3.845691623602931486e-02
-3.845691623602931486e-02
-3.845691623602931486e-02
-3.837543971858010244e-02
-3.837543971858010244e-02
-3.837543971858010244e-02
-3.837543971858010244e-02
-3.837543971858010244e-02
-3.829430771071840739e-02
-3.829430771071840739e-02
-3.829430771071840739e-02
-3.829430771071840739e-02
-3.829430771071840739e-02
-3.821351803200381814e-02
-3.821351803200381814e-02
-3.821351803200381814e-02
-3.821351803200381814e-02
-3.821351803200381814e-02
-3.813306852035749234e-02
-3.813306852035749234e-02
-3.813306852035749234e-02
-5.719960278053626279e-02
-5.719960278053626279e-02
-5.707943554780404299e-02
-5.707943554780404299e-02
-5.707943554780404299e-02
-5.707943554780404299e-02
-5.707943554780404299e-02
-5.695977216091137330e-02
-5.695977216091137330e-02
-5.695977216091137330e-02
-5.695977216091137330e-02
-5.695977216091137330e-02
-5.684060945764586592e-02
-5.684060945764586592e-02
-5.684060945764586592e-02
-5.684060945764586592e-02
-5.684060945764586592e-02
-5.672194430220192651e-02
-5.672194430220192651e-02
-5.672194430220192651e-02
-5.672194430220192651e-02
-5.672194430220192651e-02
