-5.975746968371044299e-02
-5.973247372048692133e-02
-5.974269547658582480e-02
-5.965531893427030580e-02
-5.957602012739223601e-02
-5.944118852332229419e-02
-5.952009230769592096e-02
-5.960341002221239415e-02
-5.957961100404273597e-02
-5.954501538125789306e-02
-5.930080737818801961e-02
-5.955837222900502159e-02
-5.945760402180856607e-02
-5.936319310996030635e-02
-5.930045702691171677e-02
-5.934632709216091512e-02
-5.914941783383064616e-02
-5.913782701098505012e-02
-5.933712728583826618e-02
-5.938536850565322156e-02
-5.923403176253613095e-02
-5.838293238431453008e-02
-5.889274539969440586e-02
-5.822272941897933124e-02
-5.850000091406249575e-02
-5.866006189217318895e-02
-5.809109372204458027e-02
-5.799614526152598731e-02
-5.845711654236319943e-02
-5.817720679137180356e-02
-5.843577995939885916e-02
-5.797826177547556192e-02
-5.808091450524799360e-02
-5.810457607128269308e-02
-5.734149382224525832e-02
-5.721538991000876817e-02
-5.781972746593323775e-02
-5.676169153438347104e-02
-5.724345960252391619e-02
-5.686329520287026346e-02
-5.636912983038337710e-02
-5.672611345179053716e-02
-5.610674620169014970e-02
-5.637068269897373834e-02
-5.561399530826431625e-02
-5.577256703401727023e-02
-5.492015981766507765e-02
-5.594418635008473195e-02
-5.500687585948243336e-02
-5.499669128702186494e-02
-5.492914593598809125e-02
-5.380419387866523101e-02
-5.365477551646746085e-02
-5.453244360016100412e-02
-5.328079994461017849e-02
-5.299422292499077203e-02
-5.269845443166076143e-02
-5.239304505612676910e-02
-5.201595825955784846e-02
-5.042647137614890418e-02
-4.994534182789900356e-02
-4.951113938747293830e-02
-4.893961807961253602e-02
-4.841369502397990798e-02
-4.910174495326127125e-02
-4.718807413180908100e-02
-4.648655451121296023e-02
-4.576615145533838996e-02
-4.502609210871689333e-02
-4.426556085762450854e-02
-4.202205948012412151e-02
-4.255851130327460707e-02
-4.023491442177400818e-02
-3.930622332158330290e-02
-3.835287670545838717e-02
-3.731809759802063448e-02
-3.474754586015101065e-02
-3.517259229269098508e-02
-3.251180391356972565e-02
-3.130281739051503365e-02
-3.011469936119193572e-02
-2.724699561804203377e-02
-2.593517058351905644e-02
-2.295368888324154921e-02
-1.987003342305205394e-02
-1.675251282457211610e-02
-1.353807127752224004e-02
-5.137628504932975626e-03
0.000000000000000000e+00
0.000000000000000000e+00
0.000000000000000000e+00
0.000000000000000000e+00
0.000000000000000000e+00
0.000000000000000000e+00
0.000000000000000000e+00
0.000000000000000000e+00
0.000000000000000000e+00
0.000000000000000000e+00
0.000000000000000000e+00
0.000000000000000000e+00
0.000000000000000000e+00
0.000000000000000000e+00
0.000000000000000000e+00
0.000000000000000000e+00
0.000000000000000000e+00
0.000000000000000000e+00
0.000000000000000000e+00
0.000000000000000000e+00
0.000000000000000000e+00
0.000000000000000000e+00
0.000000000000000000e+00
0.000000000000000000e+00
0.000000000000000000e+00
0.000000000000000000e+00
0.000000000000000000e+00
0.000000000000000000e+00
0.000000000000000000e+00
0.000000000000000000e+00
0.000000000000000000e+00
0.000000000000000000e+00
0.000000000000000000e+00
0.000000000000000000e+00
0.000000000000000000e+00
0.000000000000000000e+00
0.000000000000000000e+00
0.000000000000000000e+00
0.000000000000000000e+00
0.000000000000000000e+00
0.000000000000000000e+00
0.000000000000000000e+00
0.000000000000000000e+00
0.000000000000000000e+00
0.000000000000000000e+00
0.000000000000000000e+00
0.000000000000000000e+00
0.000000000000000000e+00
0.000000000000000000e+00
0.000000000000000000e+00
0.000000000000000000e+00
0.000000000000000000e+00
0.000000000000000000e+00
0.000000000000000000e+00
0.000000000000000000e+00
0.000000000000000000e+00
0.000000000000000000e+00
0.000000000000000000e+00
0.000000000000000000e+00
0.000000000000000000e+00
0.000000000000000000e+00
0.000000000000000000e+00
0.000000000000000000e+00
0.000000000000000000e+00
0.000000000000000000e+00
0.000000000000000000e+00
0.000000000000000000e+00
0.000000000000000000e+00
0.000000000000000000e+00
0.000000000000000000e+00
0.000000000000000000e+00
0.000000000000000000e+00
0.000000000000000000e+00
0.000000000000000000e+00
0.000000000000000000e+00
0.000000000000000000e+00
0.000000000000000000e+00
0.000000000000000000e+00
0.000000000000000000e+00
0.000000000000000000e+00
0.000000000000000000e+00
0.000000000000000000e+00
0.000000000000000000e+00
0.000000000000000000e+00
0.000000000000000000e+00
0.000000000000000000e+00
0.000000000000000000e+00
0.000000000000000000e+00
0.000000000000000000e+00
0.000000000000000000e+00
0.000000000000000000e+00
0.000000000000000000e+00
0.000000000000000000e+00
0.000000000000000000e+00
0.000000000000000000e+00
0.000000000000000000e+00
0.000000000000000000e+00
0.000000000000000000e+00
0.000000000000000000e+00
0.000000000000000000e+00
0.000000000000000000e+00
0.000000000000000000e+00
0.000000000000000000e+00
0.000000000000000000e+00
0.000000000000000000e+00
0.000000000000000000e+00
0.000000000000000000e+00
0.000000000000000000e+00
0.000000000000000000e+00
0.000000000000000000e+00
0.000000000000000000e+00
0.000000000000000000e+00
