-1.139610603233453118e-01
-1.141314057049945818e-01
-1.139492610256289534e-01
-1.140183228892464457e-01
-1.139948866747401424e-01
-1.137733129945978916e-01
-1.139412733272415768e-01
-1.138527892369801536e-01
-1.136609997537344902e-01
-1.139351087477133845e-01
-1.138146172556981917e-01
-1.136603348813182701e-01
-1.136769435084222513e-01
-1.134720593619275852e-01
-1.135833383741905178e-01
-1.132522991657815004e-01
-1.134513861035647969e-01
-1.131186174391201754e-01
-1.129253286287810742e-01
-1.128734434522279256e-01
-1.126500332683488953e-01
-1.127546375564817266e-01
-1.125028693990195033e-01
-1.122180001463383286e-01
-1.125381574690168252e-01
-1.120211463137563285e-01
-1.122555173693089298e-01
-1.121619771631461315e-01
-1.118104157175061203e-01
-1.116946143743438730e-01
-1.114324602270743980e-01
-1.114355011152725200e-01
-1.112911004216696198e-01
-1.110062326110857756e-01
-1.104227447607313423e-01
-1.103829112336800478e-01
-1.102136480086058495e-01
-1.098579027263199975e-01
-1.101383562855236392e-01
-1.094398899347392567e-01
-1.093928716659629818e-01
-1.093426515657576897e-01
-1.089281557321245958e-01
-1.084959988737935893e-01
-1.080537842289549799e-01
-1.083252887020692556e-01
-1.074776633119527286e-01
-1.075508444194676616e-01
-1.064411166264473685e-01
-1.062968472330040742e-01
-1.059462322871142920e-01
-1.055687516495117384e-01
-1.051856803370359583e-01
-1.045535191327605640e-01
-1.049927289829181015e-01
-1.043472004813151832e-01
-1.034393586759762007e-01
-1.025095116998836903e-01
-1.027045239345760752e-01
-1.014884784628185960e-01
-1.016267730477036779e-01
-1.003560425775268661e-01
-1.000375736362883877e-01
-1.001331439047492555e-01
-9.927711552179317722e-02
-9.827099034145436729e-02
-9.723437651928713843e-02
-9.616586688720703269e-02
-9.624089877294479678e-02
-9.499868222314068744e-02
-9.505873642505180410e-02
-9.363449942776089219e-02
-9.367562129839233920e-02
-9.206171691963585535e-02
-9.053465487995052130e-02
-9.026916330157315482e-02
-8.999673580387677896e-02
-8.824632490826059272e-02
-8.793945740982152259e-02
-8.598359862856161384e-02
-8.550687156505250297e-02
-8.501835526967915779e-02
-8.451760695439043680e-02
-8.241917719905161865e-02
-8.013822240600587676e-02
-7.942645991202708367e-02
-7.718534603360721613e-02
-7.795335942697646792e-02
-7.551279480404850253e-02
-7.471222527603726959e-02
-7.376565295361747765e-02
-7.118945423733523403e-02
-7.018421162294409543e-02
-6.738430956351813828e-02
-6.810887203194306017e-02
-6.522554449740998461e-02
-6.399337394322368588e-02
-6.100577729332615218e-02
-5.970895615683303320e-02
-5.849787827251989175e-02
-5.715000089296874003e-02
-5.385288545683597494e-02
-5.243373868335486632e-02
-5.098676550255055312e-02
-4.753069381197402854e-02
-4.600575071883986067e-02
-4.242954611750707206e-02
-3.870137535012655589e-02
-3.704166724544273592e-02
-3.527411880841953284e-02
-3.138467622260315837e-02
-2.537315050216368620e-02
-2.345708991875583571e-02
-1.720645188175409096e-02
-8.677874322142750327e-03
0.000000000000000000e+00
0.000000000000000000e+00
0.000000000000000000e+00
0.000000000000000000e+00
0.000000000000000000e+00
0.000000000000000000e+00
0.000000000000000000e+00
0.000000000000000000e+00
0.000000000000000000e+00
0.000000000000000000e+00
0.000000000000000000e+00
0.000000000000000000e+00
0.000000000000000000e+00
0.000000000000000000e+00
0.000000000000000000e+00
0.000000000000000000e+00
0.000000000000000000e+00
0.000000000000000000e+00
0.000000000000000000e+00
0.000000000000000000e+00
0.000000000000000000e+00
0.000000000000000000e+00
0.000000000000000000e+00
0.000000000000000000e+00
0.000000000000000000e+00
0.000000000000000000e+00
0.000000000000000000e+00
0.000000000000000000e+00
0.000000000000000000e+00
0.000000000000000000e+00
0.000000000000000000e+00
0.000000000000000000e+00
0.000000000000000000e+00
0.000000000000000000e+00
0.000000000000000000e+00
0.000000000000000000e+00
0.000000000000000000e+00
0.000000000000000000e+00
0.000000000000000000e+00
0.000000000000000000e+00
0.000000000000000000e+00
0.000000000000000000e+00
0.000000000000000000e+00
0.000000000000000000e+00
0.000000000000000000e+00
0.000000000000000000e+00
0.000000000000000000e+00
0.000000000000000000e+00
0.000000000000000000e+00
0.000000000000000000e+00
0.000000000000000000e+00
0.000000000000000000e+00
0.000000000000000000e+00
0.000000000000000000e+00
0.000000000000000000e+00
0.000000000000000000e+00
0.000000000000000000e+00
0.000000000000000000e+00
0.000000000000000000e+00
0.000000000000000000e+00
0.000000000000000000e+00
0.000000000000000000e+00
0.000000000000000000e+00
0.000000000000000000e+00
0.000000000000000000e+00
0.000000000000000000e+00
0.000000000000000000e+00
0.000000000000000000e+00
0.000000000000000000e+00
0.000000000000000000e+00
0.000000000000000000e+00
0.000000000000000000e+00
0.000000000000000000e+00
0.000000000000000000e+00
0.000000000000000000e+00
0.000000000000000000e+00
0.000000000000000000e+00
0.000000000000000000e+00
0.000000000000000000e+00
0.000000000000000000e+00
0.000000000000000000e+00
0.000000000000000000e+00
0.000000000000000000e+00
0.000000000000000000e+00
0.000000000000000000e+00
