-1.262657832229031364e-02
-1.255864745650286073e-02
-1.250958165793814372e-02
-1.246372638310254063e-02
-1.252847935019084889e-02
-1.259226972300260365e-02
-1.248133830456557569e-02
-1.243936586600688857e-02
-1.252488029162452700e-02
-1.250156269533691557e-02
-1.237703762170390236e-02
-1.246162160046367443e-02
-1.247627295286483050e-02
-1.242170885271233136e-02
-1.266924386412682409e-02
-1.248692957474149649e-02
-1.223643983230368083e-02
-1.234196827794960261e-02
-1.196958130404591862e-02
-1.244968899120691384e-02
-1.244770244437565752e-02
-1.240849895318800467e-02
-1.182667113594852715e-02
-1.222906717672509781e-02
-1.208942326582034335e-02
-1.248028947464146533e-02
-1.169736860382399220e-02
-1.204969898345727500e-02
-1.240080614540545884e-02
-1.211886179650008971e-02
-1.179701853295228760e-02
-1.212272746214487773e-02
-1.174991379796700743e-02
-1.204969898345727500e-02
-1.162091521425655249e-02
-1.190625018603515273e-02
-1.142564755095530453e-02
-1.169281000343284221e-02
-1.195368544574050389e-02
-1.141136937145670154e-02
-1.165840984078045720e-02
-1.105580374417554877e-02
-1.215429706491089751e-02
-1.151605421005350363e-02
-1.084146358403205446e-02
-1.105110514504920732e-02
-1.032992973886999108e-02
-1.147370954830160758e-02
-1.071214719756230678e-02
-1.091406267053216320e-02
-1.009207886606408935e-02
-1.026822397974283888e-02
-9.405564410284826884e-03
-9.565488991118567888e-03
-8.640388903904562892e-03
-8.782656558743835717e-03
-7.813476684585572013e-03
-6.803571534877250575e-03
-5.754459238359900357e-03
-3.505111036075753052e-03
-1.186387918893174777e-03
0.000000000000000000e+00
0.000000000000000000e+00
0.000000000000000000e+00
0.000000000000000000e+00
0.000000000000000000e+00
0.000000000000000000e+00
0.000000000000000000e+00
0.000000000000000000e+00
0.000000000000000000e+00
0.000000000000000000e+00
0.000000000000000000e+00
0.000000000000000000e+00
0.000000000000000000e+00
0.000000000000000000e+00
0.000000000000000000e+00
0.000000000000000000e+00
0.000000000000000000e+00
0.000000000000000000e+00
0.000000000000000000e+00
0.000000000000000000e+00
0.000000000000000000e+00
0.000000000000000000e+00
0.000000000000000000e+00
0.000000000000000000e+00
0.000000000000000000e+00
0.000000000000000000e+00
0.000000000000000000e+00
0.000000000000000000e+00
0.000000000000000000e+00
0.000000000000000000e+00
0.000000000000000000e+00
0.000000000000000000e+00
0.000000000000000000e+00
0.000000000000000000e+00
0.000000000000000000e+00
0.000000000000000000e+00
0.000000000000000000e+00
0.000000000000000000e+00
0.000000000000000000e+00
0.000000000000000000e+00
0.000000000000000000e+00
0.000000000000000000e+00
0.000000000000000000e+00
0.000000000000000000e+00
0.000000000000000000e+00
0.000000000000000000e+00
0.000000000000000000e+00
0.000000000000000000e+00
0.000000000000000000e+00
0.000000000000000000e+00
0.000000000000000000e+00
0.000000000000000000e+00
0.000000000000000000e+00
0.000000000000000000e+00
0.000000000000000000e+00
0.000000000000000000e+00
0.000000000000000000e+00
0.000000000000000000e+00
0.000000000000000000e+00
0.000000000000000000e+00
0.000000000000000000e+00
0.000000000000000000e+00
0.000000000000000000e+00
0.000000000000000000e+00
0.000000000000000000e+00
0.000000000000000000e+00
0.000000000000000000e+00
0.000000000000000000e+00
0.000000000000000000e+00
0.000000000000000000e+00
0.000000000000000000e+00
0.000000000000000000e+00
0.000000000000000000e+00
0.000000000000000000e+00
0.000000000000000000e+00
0.000000000000000000e+00
0.000000000000000000e+00
0.000000000000000000e+00
0.000000000000000000e+00
0.000000000000000000e+00
0.000000000000000000e+00
0.000000000000000000e+00
0.000000000000000000e+00
0.000000000000000000e+00
0.000000000000000000e+00
0.000000000000000000e+00
0.000000000000000000e+00
0.000000000000000000e+00
0.000000000000000000e+00
0.000000000000000000e+00
0.000000000000000000e+00
0.000000000000000000e+00
0.000000000000000000e+00
0.000000000000000000e+00
0.000000000000000000e+00
0.000000000000000000e+00
0.000000000000000000e+00
0.000000000000000000e+00
0.000000000000000000e+00
0.000000000000000000e+00
0.000000000000000000e+00
0.000000000000000000e+00
0.000000000000000000e+00
0.000000000000000000e+00
0.000000000000000000e+00
0.000000000000000000e+00
0.000000000000000000e+00
0.000000000000000000e+00
0.000000000000000000e+00
0.000000000000000000e+00
0.000000000000000000e+00
0.000000000000000000e+00
0.000000000000000000e+00
0.000000000000000000e+00
0.000000000000000000e+00
0.000000000000000000e+00
0.000000000000000000e+00
0.000000000000000000e+00
0.000000000000000000e+00
0.000000000000000000e+00
0.000000000000000000e+00
0.000000000000000000e+00
0.000000000000000000e+00
0.000000000000000000e+00
0.000000000000000000e+00
0.000000000000000000e+00
0.000000000000000000e+00
0.000000000000000000e+00
0.000000000000000000e+00
0.000000000000000000e+00
0.000000000000000000e+00
0.000000000000000000e+00
0.000000000000000000e+00
0.000000000000000000e+00
0.000000000000000000e+00
0.000000000000000000e+00
0.000000000000000000e+00
0.000000000000000000e+00
0.000000000000000000e+00
