6.972477064220183873e-02
6.972852846708928187e-02
6.982951491457370374e-02
6.984700289727206746e-02
6.958764205344944442e-02
6.963559444727190906e-02
6.939784824864496382e-02
6.922195008808973427e-02
6.954764149277491148e-02
7.036166502388353783e-02
6.953021973889396412e-02
6.877075925844636228e-02
6.989951944080384505e-02
7.032424192396834195e-02
6.984700289727206746e-02
7.085550643235144497e-02
6.902303643841131708e-02
7.093397321688339752e-02
7.023396690224309458e-02
6.919346368887652199e-02
6.750112772316749221e-02
6.808394750727646272e-02
6.843309595603172535e-02
6.850947217919695076e-02
6.827394922125026855e-02
7.091255595443868298e-02
7.041043415576631048e-02
6.950236308034472843e-02
6.852557311272908236e-02
6.709501866080204435e-02
6.942201352765069167e-02
6.751658127804915921e-02
7.001719539945838733e-02
6.756685423506930688e-02
6.977492136693431990e-02
6.717006901724591195e-02
6.902303643841131708e-02
7.098113676290526697e-02
6.818334013137467009e-02
6.970983282088306920e-02
6.672226855713093985e-02
6.829838513722065463e-02
6.995076542279855814e-02
6.617084485004721961e-02
6.728295988954380302e-02
6.902303643841131708e-02
6.438113632705616540e-02
6.612116703859823030e-02
6.733439946132481480e-02
6.859298636714396269e-02
6.354501767345803465e-02
6.477890151177760625e-02
6.606165203676329922e-02
6.739623086578883093e-02
6.878584387333085137e-02
7.023396690224309458e-02
6.456993731335251840e-02
6.527178445806286478e-02
6.672226855713093985e-02
6.747195696788521602e-02
6.902303643841131708e-02
6.206722656477296068e-02
6.354501767345803465e-02
6.431062029602981067e-02
6.509489615329847045e-02
6.589853684654906063e-02
6.756685423506930688e-02
5.987895896152775621e-02
6.932183746195422214e-02
6.145472103946270775e-02
6.227411731998887257e-02
6.311565944593466870e-02
6.398025752053650150e-02
5.560189046427578552e-02
5.638501568208248438e-02
6.672226855713093985e-02
5.801936396272255880e-02
5.887258990335082764e-02
4.979273772920218832e-02
6.065660777920994090e-02
6.065660777920994090e-02
6.158978636042856253e-02
5.212677231025854285e-02
5.295418139454836221e-02
5.380828109446043200e-02
5.380828109446043200e-02
5.469038406322207502e-02
4.448151237142061731e-02
4.448151237142061731e-02
4.523543630991927467e-02
4.601535762560754472e-02
4.601535762560754472e-02
4.682264460149539176e-02
4.765876325509352252e-02
4.765876325509352252e-02
4.852528622336795688e-02
4.852528622336795688e-02
4.942390263491180241e-02
5.035642909972146836e-02
5.035642909972146836e-02
3.849361647526784724e-02
3.849361647526784724e-02
3.924839326890054714e-02
3.924839326890054714e-02
2.668890742285237594e-02
2.668890742285237594e-02
2.723357900291058578e-02
2.723357900291058578e-02
2.780094523213789276e-02
2.780094523213789276e-02
2.780094523213789276e-02
0.000000000000000000e+00
0.000000000000000000e+00
0.000000000000000000e+00
0.000000000000000000e+00
0.000000000000000000e+00
0.000000000000000000e+00
0.000000000000000000e+00
0.000000000000000000e+00
0.000000000000000000e+00
0.000000000000000000e+00
0.000000000000000000e+00
0.000000000000000000e+00
0.000000000000000000e+00
0.000000000000000000e+00
0.000000000000000000e+00
0.000000000000000000e+00
0.000000000000000000e+00
0.000000000000000000e+00
0.000000000000000000e+00
0.000000000000000000e+00
0.000000000000000000e+00
0.000000000000000000e+00
0.000000000000000000e+00
0.000000000000000000e+00
0.000000000000000000e+00
0.000000000000000000e+00
0.000000000000000000e+00
0.000000000000000000e+00
0.000000000000000000e+00
0.000000000000000000e+00
0.000000000000000000e+00
0.000000000000000000e+00
0.000000000000000000e+00
0.000000000000000000e+00
0.000000000000000000e+00
0.000000000000000000e+00
0.000000000000000000e+00
0.000000000000000000e+00
0.000000000000000000e+00
0.000000000000000000e+00
0.000000000000000000e+00
0.000000000000000000e+00
0.000000000000000000e+00
0.000000000000000000e+00
0.000000000000000000e+00
0.000000000000000000e+00
0.000000000000000000e+00
0.000000000000000000e+00
0.000000000000000000e+00
0.000000000000000000e+00
0.000000000000000000e+00
0.000000000000000000e+00
0.000000000000000000e+00
0.000000000000000000e+00
0.000000000000000000e+00
0.000000000000000000e+00
0.000000000000000000e+00
0.000000000000000000e+00
0.000000000000000000e+00
0.000000000000000000e+00
0.000000000000000000e+00
0.000000000000000000e+00
0.000000000000000000e+00
0.000000000000000000e+00
0.000000000000000000e+00
0.000000000000000000e+00
0.000000000000000000e+00
0.000000000000000000e+00
0.000000000000000000e+00
0.000000000000000000e+00
0.000000000000000000e+00
0.000000000000000000e+00
0.000000000000000000e+00
0.000000000000000000e+00
0.000000000000000000e+00
0.000000000000000000e+00
0.000000000000000000e+00
0.000000000000000000e+00
0.000000000000000000e+00
0.000000000000000000e+00
0.000000000000000000e+00
0.000000000000000000e+00
0.000000000000000000e+00
0.000000000000000000e+00
0.000000000000000000e+00
0.000000000000000000e+00
0.000000000000000000e+00
0.000000000000000000e+00
0.000000000000000000e+00
