7.506255212677229727e-01
6.588824020016679217e-01
5.838198498748956577e-01
5.254378648874061808e-01
4.753961634695579308e-01
4.336947456213511298e-01
4.086738949124270048e-01
3.753127606338614863e-01
3.502919099249374169e-01
3.252710592160133474e-01
3.085904920767306159e-01
2.835696413678064909e-01
2.752293577981651529e-01
2.585487906588823659e-01
2.502085070892410279e-01
2.418682235195996622e-01
2.251876563803169307e-01
2.168473728106755649e-01
2.001668056713928057e-01
2.001668056713928057e-01
1.918265221017514399e-01
1.834862385321101019e-01
1.834862385321101019e-01
1.751459549624687084e-01
1.584653878231859769e-01
1.584653878231859769e-01
1.501251042535446112e-01
1.501251042535446112e-01
1.417848206839032454e-01
1.417848206839032454e-01
1.417848206839032454e-01
1.334445371142618797e-01
1.251042535446205139e-01
1.334445371142618797e-01
1.251042535446205139e-01
1.167639699749791343e-01
1.167639699749791343e-01
1.167639699749791343e-01
1.167639699749791343e-01
1.084236864053377825e-01
1.084236864053377825e-01
1.000834028356964028e-01
1.000834028356964028e-01
1.000834028356964028e-01
1.000834028356964028e-01
9.174311926605505096e-02
9.174311926605505096e-02
9.174311926605505096e-02
9.174311926605505096e-02
8.340283569641367134e-02
8.340283569641367134e-02
8.340283569641367134e-02
8.340283569641367134e-02
7.506255212677230559e-02
7.506255212677230559e-02
8.340283569641367134e-02
7.506255212677230559e-02
7.506255212677230559e-02
7.506255212677230559e-02
7.506255212677230559e-02
7.506255212677230559e-02
7.506255212677230559e-02
7.506255212677230559e-02
6.672226855713093985e-02
5.838198498748956716e-02
5.838198498748956716e-02
6.672226855713093985e-02
6.672226855713093985e-02
5.838198498748956716e-02
5.838198498748956716e-02
5.838198498748956716e-02
5.004170141784820142e-02
5.838198498748956716e-02
5.838198498748956716e-02
5.004170141784820142e-02
5.004170141784820142e-02
5.004170141784820142e-02
5.004170141784820142e-02
5.004170141784820142e-02
5.004170141784820142e-02
4.170141784820683567e-02
5.004170141784820142e-02
4.170141784820683567e-02
4.170141784820683567e-02
4.170141784820683567e-02
4.170141784820683567e-02
4.170141784820683567e-02
4.170141784820683567e-02
4.170141784820683567e-02
3.336113427856546992e-02
3.336113427856546992e-02
3.336113427856546992e-02
3.336113427856546992e-02
3.336113427856546992e-02
3.336113427856546992e-02
2.502085070892410071e-02
3.336113427856546992e-02
2.502085070892410071e-02
2.502085070892410071e-02
2.502085070892410071e-02
2.502085070892410071e-02
1.668056713928273496e-02
2.502085070892410071e-02
2.502085070892410071e-02
1.668056713928273496e-02
1.668056713928273496e-02
1.668056713928273496e-02
1.668056713928273496e-02
8.340283569641367481e-03
8.340283569641367481e-03
0.000000000000000000e+00
0.000000000000000000e+00
0.000000000000000000e+00
0.000000000000000000e+00
0.000000000000000000e+00
0.000000000000000000e+00
0.000000000000000000e+00
0.000000000000000000e+00
0.000000000000000000e+00
0.000000000000000000e+00
0.000000000000000000e+00
0.000000000000000000e+00
0.000000000000000000e+00
0.000000000000000000e+00
0.000000000000000000e+00
0.000000000000000000e+00
0.000000000000000000e+00
0.000000000000000000e+00
0.000000000000000000e+00
0.000000000000000000e+00
0.000000000000000000e+00
0.000000000000000000e+00
0.000000000000000000e+00
0.000000000000000000e+00
0.000000000000000000e+00
0.000000000000000000e+00
0.000000000000000000e+00
0.000000000000000000e+00
0.000000000000000000e+00
0.000000000000000000e+00
0.000000000000000000e+00
0.000000000000000000e+00
0.000000000000000000e+00
0.000000000000000000e+00
0.000000000000000000e+00
0.000000000000000000e+00
0.000000000000000000e+00
0.000000000000000000e+00
0.000000000000000000e+00
0.000000000000000000e+00
0.000000000000000000e+00
0.000000000000000000e+00
0.000000000000000000e+00
0.000000000000000000e+00
0.000000000000000000e+00
0.000000000000000000e+00
0.000000000000000000e+00
0.000000000000000000e+00
0.000000000000000000e+00
0.000000000000000000e+00
0.000000000000000000e+00
0.000000000000000000e+00
0.000000000000000000e+00
0.000000000000000000e+00
0.000000000000000000e+00
0.000000000000000000e+00
0.000000000000000000e+00
0.000000000000000000e+00
0.000000000000000000e+00
0.000000000000000000e+00
0.000000000000000000e+00
0.000000000000000000e+00
0.000000000000000000e+00
0.000000000000000000e+00
0.000000000000000000e+00
0.000000000000000000e+00
0.000000000000000000e+00
0.000000000000000000e+00
0.000000000000000000e+00
0.000000000000000000e+00
0.000000000000000000e+00
0.000000000000000000e+00
0.000000000000000000e+00
0.000000000000000000e+00
0.000000000000000000e+00
0.000000000000000000e+00
0.000000000000000000e+00
0.000000000000000000e+00
0.000000000000000000e+00
0.000000000000000000e+00
0.000000000000000000e+00
0.000000000000000000e+00
0.000000000000000000e+00
0.000000000000000000e+00
0.000000000000000000e+00
0.000000000000000000e+00
0.000000000000000000e+00
0.000000000000000000e+00
0.000000000000000000e+00
0.000000000000000000e+00
