1.000000000000000056e-01
1.145728643216080422e-01
1.291457286432160789e-01
1.437185929648241434e-01
1.582914572864321801e-01
1.728643216080402167e-01
1.874371859296482534e-01
2.020100502512562901e-01
2.165829145728643268e-01
2.311557788944723635e-01
2.457286432160804002e-01
2.603015075376884369e-01
2.748743718592965291e-01
2.894472361809045102e-01
3.040201005025126024e-01
3.185929648241205836e-01
3.331658291457286758e-01
3.477386934673366570e-01
3.623115577889447492e-01
3.768844221105527303e-01
3.914572864321608225e-01
4.060301507537688037e-01
4.206030150753768959e-01
4.351758793969848771e-01
4.497487437185929693e-01
4.643216080402010615e-01
4.788944723618090427e-01
4.934673366834171349e-01
5.080402010050251160e-01
5.226130653266332082e-01
5.371859296482411894e-01
5.517587939698492816e-01
5.663316582914572628e-01
5.809045226130653550e-01
5.954773869346733361e-01
6.100502512562814283e-01
6.246231155778894095e-01
6.391959798994975017e-01
6.537688442211054829e-01
6.683417085427135751e-01
6.829145728643215563e-01
6.974874371859296485e-01
7.120603015075376296e-01
7.266331658291457218e-01
7.412060301507537030e-01
7.557788944723617952e-01
7.703517587939697764e-01
7.849246231155778686e-01
7.994974874371859608e-01
8.140703517587939420e-01
8.286432160804020342e-01
8.432160804020100153e-01
8.577889447236181075e-01
8.723618090452260887e-01
8.869346733668341809e-01
9.015075376884421621e-01
9.160804020100502543e-01
9.306532663316582354e-01
9.452261306532663276e-01
9.597989949748743088e-01
9.743718592964824010e-01
9.889447236180903822e-01
1.003517587939698474e+00
1.018090452261306567e+00
1.032663316582914659e+00
1.047236180904522751e+00
1.061809045226130621e+00
1.076381909547738713e+00
1.090954773869346806e+00
1.105527638190954898e+00
1.120100502512562990e+00
1.134673366834170860e+00
1.149246231155778952e+00
1.163819095477387044e+00
1.178391959798995137e+00
1.192964824120603007e+00
1.207537688442211099e+00
1.222110552763819191e+00
1.236683417085427283e+00
1.251256281407035154e+00
1.265829145728643246e+00
1.280402010050251338e+00
1.294974874371859430e+00
1.309547738693467522e+00
1.324120603015075393e+00
1.338693467336683485e+00
1.353266331658291577e+00
1.367839195979899669e+00
1.382412060301507539e+00
1.396984924623115631e+00
1.411557788944723724e+00
1.426130653266331816e+00
1.440703517587939686e+00
1.455276381909547778e+00
1.469849246231155870e+00
1.484422110552763963e+00
1.498994974874372055e+00
1.513567839195979925e+00
1.528140703517588017e+00
1.542713567839196109e+00
1.557286432160804202e+00
1.571859296482412072e+00
1.586432160804020164e+00
1.601005025125628256e+00
1.615577889447236348e+00
1.630150753768844218e+00
1.644723618090452311e+00
1.659296482412060403e+00
1.673869346733668495e+00
1.688442211055276365e+00
1.703015075376884457e+00
1.717587939698492550e+00
1.732160804020100642e+00
1.746733668341708734e+00
1.761306532663316604e+00
1.775879396984924696e+00
1.790452261306532789e+00
1.805025125628140881e+00
1.819597989949748751e+00
1.834170854271356843e+00
1.848743718592964935e+00
1.863316582914573027e+00
1.877889447236180898e+00
1.892462311557788990e+00
1.907035175879397082e+00
1.921608040201005174e+00
1.936180904522613044e+00
1.950753768844221137e+00
1.965326633165829229e+00
1.979899497487437321e+00
1.994472361809045413e+00
2.009045226130653283e+00
2.023618090452261153e+00
2.038190954773869468e+00
2.052763819095477338e+00
2.067336683417085208e+00
2.081909547738693522e+00
2.096482412060301392e+00
2.111055276381909707e+00
2.125628140703517577e+00
2.140201005025125891e+00
2.154773869346733761e+00
2.169346733668341631e+00
2.183919597989949946e+00
2.198492462311557816e+00
2.213065326633166130e+00
2.227638190954774000e+00
2.242211055276381870e+00
2.256783919597990185e+00
2.271356783919598055e+00
2.285929648241205925e+00
2.300502512562814239e+00
2.315075376884422109e+00
2.329648241206030423e+00
2.344221105527638294e+00
2.358793969849246164e+00
2.373366834170854478e+00
2.387939698492462348e+00
2.402512562814070218e+00
2.417085427135678533e+00
2.431658291457286403e+00
2.446231155778894717e+00
2.460804020100502587e+00
2.475376884422110457e+00
2.489949748743718771e+00
2.504522613065326642e+00
2.519095477386934956e+00
2.533668341708542826e+00
2.548241206030150696e+00
2.562814070351759010e+00
2.577386934673366881e+00
2.591959798994974751e+00
2.606532663316583065e+00
2.621105527638190935e+00
2.635678391959799249e+00
2.650251256281407120e+00
2.664824120603014990e+00
2.679396984924623304e+00
2.693969849246231174e+00
2.708542713567839488e+00
2.723115577889447358e+00
2.737688442211055229e+00
2.752261306532663543e+00
2.766834170854271413e+00
2.781407035175879283e+00
2.795979899497487597e+00
2.810552763819095468e+00
2.825125628140703782e+00
2.839698492462311652e+00
2.854271356783919522e+00
2.868844221105527836e+00
2.883417085427135707e+00
2.897989949748744021e+00
2.912562814070351891e+00
2.927135678391959761e+00
2.941708542713568075e+00
2.956281407035175945e+00
2.970854271356783816e+00
2.985427135678392130e+00
3.000000000000000000e+00
