0.000000000000000000e+00
0.000000000000000000e+00
0.000000000000000000e+00
0.000000000000000000e+00
0.000000000000000000e+00
0.000000000000000000e+00
0.000000000000000000e+00
0.000000000000000000e+00
0.000000000000000000e+00
0.000000000000000000e+00
0.000000000000000000e+00
0.000000000000000000e+00
0.000000000000000000e+00
0.000000000000000000e+00
0.000000000000000000e+00
0.000000000000000000e+00
0.000000000000000000e+00
0.000000000000000000e+00
0.000000000000000000e+00
0.000000000000000000e+00
0.000000000000000000e+00
7.500000000000000000e-01
7.500000000000000000e-01
7.500000000000000000e-01
7.500000000000000000e-01
6.666666666666666297e-01
6.666666666666666297e-01
6.666666666666666297e-01
6.666666666666666297e-01
6.666666666666666297e-01
6.000000000000000888e-01
0.000000000000000000e+00
0.000000000000000000e+00
0.000000000000000000e+00
0.000000000000000000e+00
0.000000000000000000e+00
0.000000000000000000e+00
0.000000000000000000e+00
0.000000000000000000e+00
0.000000000000000000e+00
0.000000000000000000e+00
0.000000000000000000e+00
0.000000000000000000e+00
0.000000000000000000e+00
0.000000000000000000e+00
0.000000000000000000e+00
0.000000000000000000e+00
0.000000000000000000e+00
0.000000000000000000e+00
0.000000000000000000e+00
0.000000000000000000e+00
0.000000000000000000e+00
0.000000000000000000e+00
0.000000000000000000e+00
0.000000000000000000e+00
0.000000000000000000e+00
0.000000000000000000e+00
0.000000000000000000e+00
0.000000000000000000e+00
0.000000000000000000e+00
0.000000000000000000e+00
0.000000000000000000e+00
0.000000000000000000e+00
0.000000000000000000e+00
0.000000000000000000e+00
0.000000000000000000e+00
0.000000000000000000e+00
0.000000000000000000e+00
0.000000000000000000e+00
0.000000000000000000e+00
0.000000000000000000e+00
0.000000000000000000e+00
0.000000000000000000e+00
0.000000000000000000e+00
0.000000000000000000e+00
0.000000000000000000e+00
0.000000000000000000e+00
0.000000000000000000e+00
0.000000000000000000e+00
0.000000000000000000e+00
0.000000000000000000e+00
0.000000000000000000e+00
0.000000000000000000e+00
0.000000000000000000e+00
0.000000000000000000e+00
0.000000000000000000e+00
0.000000000000000000e+00
0.000000000000000000e+00
0.000000000000000000e+00
0.000000000000000000e+00
0.000000000000000000e+00
0.000000000000000000e+00
0.000000000000000000e+00
0.000000000000000000e+00
0.000000000000000000e+00
0.000000000000000000e+00
0.000000000000000000e+00
0.000000000000000000e+00
0.000000000000000000e+00
0.000000000000000000e+00
0.000000000000000000e+00
0.000000000000000000e+00
0.000000000000000000e+00
0.000000000000000000e+00
0.000000000000000000e+00
0.000000000000000000e+00
2.400000000000000189e-01
2.400000000000000189e-01
2.400000000000000189e-01
2.400000000000000189e-01
2.307692307692307820e-01
2.307692307692307820e-01
2.307692307692307820e-01
2.307692307692307820e-01
2.307692307692307820e-01
2.222222222222222099e-01
2.222222222222222099e-01
2.222222222222222099e-01
2.222222222222222099e-01
2.222222222222222099e-01
2.142857142857142738e-01
2.142857142857142738e-01
2.142857142857142738e-01
2.142857142857142738e-01
2.142857142857142738e-01
2.068965517241379282e-01
2.068965517241379282e-01
2.068965517241379282e-01
2.068965517241379282e-01
2.068965517241379282e-01
2.000000000000000111e-01
2.000000000000000111e-01
2.000000000000000111e-01
2.000000000000000111e-01
2.000000000000000111e-01
1.935483870967741882e-01
1.935483870967741882e-01
0.000000000000000000e+00
0.000000000000000000e+00
0.000000000000000000e+00
0.000000000000000000e+00
0.000000000000000000e+00
0.000000000000000000e+00
0.000000000000000000e+00
0.000000000000000000e+00
0.000000000000000000e+00
0.000000000000000000e+00
0.000000000000000000e+00
0.000000000000000000e+00
0.000000000000000000e+00
0.000000000000000000e+00
0.000000000000000000e+00
0.000000000000000000e+00
0.000000000000000000e+00
0.000000000000000000e+00
0.000000000000000000e+00
0.000000000000000000e+00
0.000000000000000000e+00
0.000000000000000000e+00
0.000000000000000000e+00
0.000000000000000000e+00
0.000000000000000000e+00
0.000000000000000000e+00
0.000000000000000000e+00
0.000000000000000000e+00
0.000000000000000000e+00
0.000000000000000000e+00
0.000000000000000000e+00
0.000000000000000000e+00
0.000000000000000000e+00
0.000000000000000000e+00
0.000000000000000000e+00
0.000000000000000000e+00
0.000000000000000000e+00
0.000000000000000000e+00
0.000000000000000000e+00
0.000000000000000000e+00
0.000000000000000000e+00
0.000000000000000000e+00
0.000000000000000000e+00
0.000000000000000000e+00
0.000000000000000000e+00
0.000000000000000000e+00
0.000000000000000000e+00
0.000000000000000000e+00
0.000000000000000000e+00
0.000000000000000000e+00
0.000000000000000000e+00
0.000000000000000000e+00
0.000000000000000000e+00
0.000000000000000000e+00
0.000000000000000000e+00
1.428571428571428492e-01
1.428571428571428492e-01
1.428571428571428492e-01
1.395348837209302306e-01
1.395348837209302306e-01
1.395348837209302306e-01
1.395348837209302306e-01
1.395348837209302306e-01
1.363636363636363813e-01
1.363636363636363813e-01
1.363636363636363813e-01
1.363636363636363813e-01
1.363636363636363813e-01
1.333333333333333592e-01
1.333333333333333592e-01
1.333333333333333592e-01
1.333333333333333592e-01
1.333333333333333592e-01
1.304347826086956486e-01
1.304347826086956486e-01
1.304347826086956486e-01
1.304347826086956486e-01
1.304347826086956486e-01
1.276595744680851241e-01
1.276595744680851241e-01
1.276595744680851241e-01
1.276595744680851241e-01
1.276595744680851241e-01
1.250000000000000000e-01
1.250000000000000000e-01
1.250000000000000000e-01
1.250000000000000000e-01
1.250000000000000000e-01
1.224489795918367319e-01
1.224489795918367319e-01
1.224489795918367319e-01
1.224489795918367319e-01
1.224489795918367319e-01
1.200000000000000094e-01
1.200000000000000094e-01
1.200000000000000094e-01
1.200000000000000094e-01
1.200000000000000094e-01
1.176470588235294101e-01
1.176470588235294101e-01
1.176470588235294101e-01
1.176470588235294101e-01
1.176470588235294101e-01
1.153846153846153910e-01
1.153846153846153910e-01
1.153846153846153910e-01
1.153846153846153910e-01
0.000000000000000000e+00
0.000000000000000000e+00
0.000000000000000000e+00
0.000000000000000000e+00
0.000000000000000000e+00
0.000000000000000000e+00
0.000000000000000000e+00
0.000000000000000000e+00
0.000000000000000000e+00
0.000000000000000000e+00
0.000000000000000000e+00
0.000000000000000000e+00
0.000000000000000000e+00
0.000000000000000000e+00
0.000000000000000000e+00
0.000000000000000000e+00
0.000000000000000000e+00
0.000000000000000000e+00
0.000000000000000000e+00
0.000000000000000000e+00
0.000000000000000000e+00
0.000000000000000000e+00
0.000000000000000000e+00
0.000000000000000000e+00
0.000000000000000000e+00
0.000000000000000000e+00
0.000000000000000000e+00
0.000000000000000000e+00
0.000000000000000000e+00
0.000000000000000000e+00
0.000000000000000000e+00
0.000000000000000000e+00
0.000000000000000000e+00
0.000000000000000000e+00
1.016949152542372947e-01
1.016949152542372947e-01
1.000000000000000056e-01
1.000000000000000056e-01
1.000000000000000056e-01
1.000000000000000056e-01
1.000000000000000056e-01
9.836065573770493009e-02
9.836065573770493009e-02
9.836065573770493009e-02
9.836065573770493009e-02
9.836065573770493009e-02
9.677419354838709409e-02
9.677419354838709409e-02
9.677419354838709409e-02
9.677419354838709409e-02
9.677419354838709409e-02
9.523809523809523281e-02
9.523809523809523281e-02
9.523809523809523281e-02
9.523809523809523281e-02
9.523809523809523281e-02
9.375000000000000000e-02
9.375000000000000000e-02
9.375000000000000000e-02
9.375000000000000000e-02
9.375000000000000000e-02
9.230769230769231282e-02
9.230769230769231282e-02
9.230769230769231282e-02
9.230769230769231282e-02
9.230769230769231282e-02
9.090909090909091161e-02
9.090909090909091161e-02
9.090909090909091161e-02
9.090909090909091161e-02
9.090909090909091161e-02
8.955223880597015795e-02
8.955223880597015795e-02
8.955223880597015795e-02
8.955223880597015795e-02
8.955223880597015795e-02
8.823529411764706454e-02
8.823529411764706454e-02
8.823529411764706454e-02
8.823529411764706454e-02
8.823529411764706454e-02
8.695652173913044625e-02
8.695652173913044625e-02
8.695652173913044625e-02
8.695652173913044625e-02
8.695652173913044625e-02
8.571428571428571508e-02
8.571428571428571508e-02
8.571428571428571508e-02
8.571428571428571508e-02
8.571428571428571508e-02
8.450704225352113907e-02
8.450704225352113907e-02
8.450704225352113907e-02
8.450704225352113907e-02
8.450704225352113907e-02
8.333333333333332871e-02
8.333333333333332871e-02
8.333333333333332871e-02
8.333333333333332871e-02
8.333333333333332871e-02
8.219178082191780366e-02
8.219178082191780366e-02
8.219178082191780366e-02
8.219178082191780366e-02
8.219178082191780366e-02
8.108108108108108558e-02
8.108108108108108558e-02
0.000000000000000000e+00
0.000000000000000000e+00
0.000000000000000000e+00
0.000000000000000000e+00
0.000000000000000000e+00
0.000000000000000000e+00
0.000000000000000000e+00
0.000000000000000000e+00
0.000000000000000000e+00
0.000000000000000000e+00
0.000000000000000000e+00
0.000000000000000000e+00
7.894736842105262720e-02
7.792207792207793415e-02
7.792207792207793415e-02
7.792207792207793415e-02
7.792207792207793415e-02
7.792207792207793415e-02
7.692307692307692735e-02
7.692307692307692735e-02
7.692307692307692735e-02
7.692307692307692735e-02
7.692307692307692735e-02
7.594936708860759722e-02
7.594936708860759722e-02
7.594936708860759722e-02
7.594936708860759722e-02
7.594936708860759722e-02
7.500000000000001110e-02
7.500000000000001110e-02
7.500000000000001110e-02
7.500000000000001110e-02
7.500000000000001110e-02
7.407407407407406996e-02
7.407407407407406996e-02
7.407407407407406996e-02
7.407407407407406996e-02
7.407407407407406996e-02
7.317073170731708265e-02
7.317073170731708265e-02
7.317073170731708265e-02
7.317073170731708265e-02
7.317073170731708265e-02
7.228915662650603480e-02
7.228915662650603480e-02
7.228915662650603480e-02
7.228915662650603480e-02
7.228915662650603480e-02
7.142857142857142461e-02
7.142857142857142461e-02
7.142857142857142461e-02
7.142857142857142461e-02
7.142857142857142461e-02
7.058823529411764608e-02
7.058823529411764608e-02
7.058823529411764608e-02
7.058823529411764608e-02
7.058823529411764608e-02
6.976744186046511531e-02
6.976744186046511531e-02
6.976744186046511531e-02
6.976744186046511531e-02
6.976744186046511531e-02
6.896551724137930939e-02
6.896551724137930939e-02
6.896551724137930939e-02
6.896551724137930939e-02
6.896551724137930939e-02
6.818181818181819065e-02
6.818181818181819065e-02
6.818181818181819065e-02
6.818181818181819065e-02
6.818181818181819065e-02
6.741573033707864981e-02
6.741573033707864981e-02
6.741573033707864981e-02
6.741573033707864981e-02
6.741573033707864981e-02
6.666666666666667962e-02
6.666666666666667962e-02
6.666666666666667962e-02
6.666666666666667962e-02
6.666666666666667962e-02
6.593406593406594962e-02
6.593406593406594962e-02
6.593406593406594962e-02
6.593406593406594962e-02
6.593406593406594962e-02
6.521739130434782428e-02
6.521739130434782428e-02
6.521739130434782428e-02
6.521739130434782428e-02
6.521739130434782428e-02
6.451612903225807660e-02
6.451612903225807660e-02
6.451612903225807660e-02
6.451612903225807660e-02
6.451612903225807660e-02
1.276595744680851241e-01
1.276595744680851241e-01
1.276595744680851241e-01
1.276595744680851241e-01
1.276595744680851241e-01
1.263157894736842146e-01
1.263157894736842146e-01
1.263157894736842146e-01
1.263157894736842146e-01
6.315789473684210731e-02
6.250000000000000000e-02
6.250000000000000000e-02
6.250000000000000000e-02
6.250000000000000000e-02
6.250000000000000000e-02
6.185567010309278579e-02
6.185567010309278579e-02
6.185567010309278579e-02
6.185567010309278579e-02
6.185567010309278579e-02
6.122448979591836593e-02
6.122448979591836593e-02
6.122448979591836593e-02
6.122448979591836593e-02
6.122448979591836593e-02
6.060606060606061468e-02
6.060606060606061468e-02
6.060606060606061468e-02
6.060606060606061468e-02
6.060606060606061468e-02
6.000000000000000472e-02
6.000000000000000472e-02
6.000000000000000472e-02
6.000000000000000472e-02
6.000000000000000472e-02
5.940594059405941013e-02
5.940594059405941013e-02
5.940594059405941013e-02
5.940594059405941013e-02
5.940594059405941013e-02
5.882352941176470507e-02
5.882352941176470507e-02
5.882352941176470507e-02
5.882352941176470507e-02
5.882352941176470507e-02
5.825242718446601436e-02
5.825242718446601436e-02
5.825242718446601436e-02
5.825242718446601436e-02
5.825242718446601436e-02
5.769230769230769551e-02
5.769230769230769551e-02
5.769230769230769551e-02
5.769230769230769551e-02
5.769230769230769551e-02
5.714285714285714801e-02
5.714285714285714801e-02
5.714285714285714801e-02
5.714285714285714801e-02
5.714285714285714801e-02
5.660377358490566169e-02
5.660377358490566169e-02
5.660377358490566169e-02
5.660377358490566169e-02
5.660377358490566169e-02
5.607476635514018620e-02
5.607476635514018620e-02
5.607476635514018620e-02
5.607476635514018620e-02
5.607476635514018620e-02
5.555555555555555247e-02
5.555555555555555247e-02
5.555555555555555247e-02
5.555555555555555247e-02
5.555555555555555247e-02
5.504587155963303058e-02
5.504587155963303058e-02
5.504587155963303058e-02
5.504587155963303058e-02
5.504587155963303058e-02
5.454545454545454281e-02
5.454545454545454281e-02
5.454545454545454281e-02
5.454545454545454281e-02
5.454545454545454281e-02
5.405405405405405705e-02
1.081081081081081141e-01
1.081081081081081141e-01
1.081081081081081141e-01
1.081081081081081141e-01
1.071428571428571369e-01
1.071428571428571369e-01
1.071428571428571369e-01
1.071428571428571369e-01
1.071428571428571369e-01
1.061946902654867242e-01
1.061946902654867242e-01
1.061946902654867242e-01
1.061946902654867242e-01
1.061946902654867242e-01
1.052631578947368363e-01
1.052631578947368363e-01
1.052631578947368363e-01
1.052631578947368363e-01
1.052631578947368363e-01
1.043478260869565299e-01
1.043478260869565299e-01
1.043478260869565299e-01
1.043478260869565299e-01
1.043478260869565299e-01
1.034482758620689641e-01
1.034482758620689641e-01
1.034482758620689641e-01
1.034482758620689641e-01
1.034482758620689641e-01
1.025641025641025744e-01
1.025641025641025744e-01
5.128205128205128721e-02
5.128205128205128721e-02
5.128205128205128721e-02
5.084745762711864736e-02
5.084745762711864736e-02
5.084745762711864736e-02
5.084745762711864736e-02
5.084745762711864736e-02
5.042016806722689204e-02
5.042016806722689204e-02
5.042016806722689204e-02
5.042016806722689204e-02
5.042016806722689204e-02
5.000000000000000278e-02
5.000000000000000278e-02
5.000000000000000278e-02
5.000000000000000278e-02
5.000000000000000278e-02
4.958677685950413361e-02
4.958677685950413361e-02
4.958677685950413361e-02
4.958677685950413361e-02
4.958677685950413361e-02
4.918032786885246505e-02
4.918032786885246505e-02
4.918032786885246505e-02
4.918032786885246505e-02
4.918032786885246505e-02
4.878048780487805741e-02
4.878048780487805741e-02
4.878048780487805741e-02
4.878048780487805741e-02
4.878048780487805741e-02
4.838709677419354704e-02
4.838709677419354704e-02
4.838709677419354704e-02
4.838709677419354704e-02
4.838709677419354704e-02
4.800000000000000100e-02
4.800000000000000100e-02
4.800000000000000100e-02
4.800000000000000100e-02
4.800000000000000100e-02
4.761904761904761640e-02
4.761904761904761640e-02
4.761904761904761640e-02
4.761904761904761640e-02
4.761904761904761640e-02
4.724409448818897572e-02
4.724409448818897572e-02
4.724409448818897572e-02
4.724409448818897572e-02
4.724409448818897572e-02
4.687500000000000000e-02
4.687500000000000000e-02
9.375000000000000000e-02
9.375000000000000000e-02
9.375000000000000000e-02
9.302325581395348708e-02
9.302325581395348708e-02
9.302325581395348708e-02
9.302325581395348708e-02
9.302325581395348708e-02
9.230769230769231282e-02
9.230769230769231282e-02
9.230769230769231282e-02
9.230769230769231282e-02
9.230769230769231282e-02
9.160305343511450371e-02
9.160305343511450371e-02
9.160305343511450371e-02
9.160305343511450371e-02
9.160305343511450371e-02
9.090909090909091161e-02
9.090909090909091161e-02
9.090909090909091161e-02
9.090909090909091161e-02
9.090909090909091161e-02
9.022556390977443108e-02
9.022556390977443108e-02
9.022556390977443108e-02
9.022556390977443108e-02
9.022556390977443108e-02
8.955223880597015795e-02
8.955223880597015795e-02
8.955223880597015795e-02
8.955223880597015795e-02
8.955223880597015795e-02
8.888888888888889228e-02
8.888888888888889228e-02
8.888888888888889228e-02
8.888888888888889228e-02
8.888888888888889228e-02
8.823529411764706454e-02
8.823529411764706454e-02
8.823529411764706454e-02
8.823529411764706454e-02
8.823529411764706454e-02
8.759124087591241281e-02
8.759124087591241281e-02
8.759124087591241281e-02
8.759124087591241281e-02
8.759124087591241281e-02
8.695652173913044625e-02
8.695652173913044625e-02
8.695652173913044625e-02
8.695652173913044625e-02
4.347826086956522312e-02
4.316546762589928282e-02
4.316546762589928282e-02
4.316546762589928282e-02
4.316546762589928282e-02
4.316546762589928282e-02
4.285714285714285754e-02
4.285714285714285754e-02
4.285714285714285754e-02
4.285714285714285754e-02
4.285714285714285754e-02
4.255319148936170109e-02
4.255319148936170109e-02
4.255319148936170109e-02
4.255319148936170109e-02
4.255319148936170109e-02
4.225352112676056954e-02
4.225352112676056954e-02
4.225352112676056954e-02
4.225352112676056954e-02
4.225352112676056954e-02
4.195804195804195974e-02
4.195804195804195974e-02
4.195804195804195974e-02
4.195804195804195974e-02
4.195804195804195974e-02
4.166666666666666435e-02
4.166666666666666435e-02
4.166666666666666435e-02
4.166666666666666435e-02
4.166666666666666435e-02
4.137931034482758563e-02
4.137931034482758563e-02
4.137931034482758563e-02
8.275862068965517127e-02
8.275862068965517127e-02
8.219178082191780366e-02
8.219178082191780366e-02
8.219178082191780366e-02
8.219178082191780366e-02
8.219178082191780366e-02
8.163265306122449716e-02
8.163265306122449716e-02
8.163265306122449716e-02
8.163265306122449716e-02
8.163265306122449716e-02
8.108108108108108558e-02
8.108108108108108558e-02
8.108108108108108558e-02
8.108108108108108558e-02
8.108108108108108558e-02
8.053691275167786101e-02
8.053691275167786101e-02
8.053691275167786101e-02
8.053691275167786101e-02
8.053691275167786101e-02
8.000000000000001554e-02
8.000000000000001554e-02
8.000000000000001554e-02
8.000000000000001554e-02
8.000000000000001554e-02
7.947019867549669214e-02
7.947019867549669214e-02
7.947019867549669214e-02
7.947019867549669214e-02
7.947019867549669214e-02
7.894736842105262720e-02
7.894736842105262720e-02
7.894736842105262720e-02
7.894736842105262720e-02
7.894736842105262720e-02
7.843137254901962063e-02
7.843137254901962063e-02
7.843137254901962063e-02
7.843137254901962063e-02
7.843137254901962063e-02
7.792207792207793415e-02
7.792207792207793415e-02
7.792207792207793415e-02
7.792207792207793415e-02
7.792207792207793415e-02
7.741935483870968082e-02
7.741935483870968082e-02
7.741935483870968082e-02
7.741935483870968082e-02
7.741935483870968082e-02
7.692307692307692735e-02
7.692307692307692735e-02
7.692307692307692735e-02
7.692307692307692735e-02
7.692307692307692735e-02
7.643312101910829104e-02
7.643312101910829104e-02
7.643312101910829104e-02
7.643312101910829104e-02
7.643312101910829104e-02
7.594936708860759722e-02
7.594936708860759722e-02
7.594936708860759722e-02
7.594936708860759722e-02
7.594936708860759722e-02
7.547169811320755817e-02
7.547169811320755817e-02
7.547169811320755817e-02
7.547169811320755817e-02
7.547169811320755817e-02
7.500000000000001110e-02
7.500000000000001110e-02
3.750000000000000555e-02
3.750000000000000555e-02
3.750000000000000555e-02
3.726708074534161586e-02
3.726708074534161586e-02
3.726708074534161586e-02
3.726708074534161586e-02
3.726708074534161586e-02
3.703703703703703498e-02
3.703703703703703498e-02
3.703703703703703498e-02
3.703703703703703498e-02
7.407407407407406996e-02
7.361963190184049599e-02
7.361963190184049599e-02
7.361963190184049599e-02
7.361963190184049599e-02
7.361963190184049599e-02
7.317073170731708265e-02
7.317073170731708265e-02
7.317073170731708265e-02
7.317073170731708265e-02
7.317073170731708265e-02
7.272727272727273762e-02
7.272727272727273762e-02
7.272727272727273762e-02
7.272727272727273762e-02
7.272727272727273762e-02
7.228915662650603480e-02
7.228915662650603480e-02
7.228915662650603480e-02
7.228915662650603480e-02
7.228915662650603480e-02
7.185628742514971190e-02
7.185628742514971190e-02
7.185628742514971190e-02
7.185628742514971190e-02
7.185628742514971190e-02
7.142857142857142461e-02
7.142857142857142461e-02
7.142857142857142461e-02
7.142857142857142461e-02
7.142857142857142461e-02
7.100591715976331542e-02
7.100591715976331542e-02
7.100591715976331542e-02
7.100591715976331542e-02
7.100591715976331542e-02
7.058823529411764608e-02
7.058823529411764608e-02
7.058823529411764608e-02
7.058823529411764608e-02
7.058823529411764608e-02
7.017543859649122417e-02
7.017543859649122417e-02
7.017543859649122417e-02
7.017543859649122417e-02
7.017543859649122417e-02
6.976744186046511531e-02
6.976744186046511531e-02
6.976744186046511531e-02
6.976744186046511531e-02
6.976744186046511531e-02
6.936416184971098964e-02
6.936416184971098964e-02
6.936416184971098964e-02
6.936416184971098964e-02
6.936416184971098964e-02
6.896551724137930939e-02
6.896551724137930939e-02
6.896551724137930939e-02
6.896551724137930939e-02
6.896551724137930939e-02
6.857142857142857484e-02
6.857142857142857484e-02
6.857142857142857484e-02
6.857142857142857484e-02
6.857142857142857484e-02
6.818181818181819065e-02
6.818181818181819065e-02
6.818181818181819065e-02
6.818181818181819065e-02
6.818181818181819065e-02
6.779661016949152519e-02
6.779661016949152519e-02
6.779661016949152519e-02
6.779661016949152519e-02
6.779661016949152519e-02
6.741573033707864981e-02
6.741573033707864981e-02
6.741573033707864981e-02
6.741573033707864981e-02
6.741573033707864981e-02
6.703910614525140921e-02
6.703910614525140921e-02
6.703910614525140921e-02
6.703910614525140921e-02
6.703910614525140921e-02
1.000000000000000056e-01
1.000000000000000056e-01
1.000000000000000056e-01
1.000000000000000056e-01
1.000000000000000056e-01
9.944751381215469199e-02
9.944751381215469199e-02
9.944751381215469199e-02
9.944751381215469199e-02
6.629834254143646133e-02
6.593406593406594962e-02
6.593406593406594962e-02
6.593406593406594962e-02
6.593406593406594962e-02
6.593406593406594962e-02
6.557377049180328210e-02
6.557377049180328210e-02
6.557377049180328210e-02
6.557377049180328210e-02
6.557377049180328210e-02
6.521739130434782428e-02
6.521739130434782428e-02
6.521739130434782428e-02
6.521739130434782428e-02
6.521739130434782428e-02
6.486486486486486847e-02
6.486486486486486847e-02
6.486486486486486847e-02
6.486486486486486847e-02
6.486486486486486847e-02
6.451612903225807660e-02
6.451612903225807660e-02
6.451612903225807660e-02
6.451612903225807660e-02
6.451612903225807660e-02
6.417112299465241310e-02
6.417112299465241310e-02
6.417112299465241310e-02
6.417112299465241310e-02
6.417112299465241310e-02
6.382978723404256205e-02
6.382978723404256205e-02
6.382978723404256205e-02
6.382978723404256205e-02
6.382978723404256205e-02
6.349206349206348854e-02
6.349206349206348854e-02
6.349206349206348854e-02
6.349206349206348854e-02
6.349206349206348854e-02
6.315789473684210731e-02
6.315789473684210731e-02
6.315789473684210731e-02
6.315789473684210731e-02
6.315789473684210731e-02
6.282722513089006311e-02
6.282722513089006311e-02
6.282722513089006311e-02
6.282722513089006311e-02
6.282722513089006311e-02
6.250000000000000000e-02
6.250000000000000000e-02
6.250000000000000000e-02
6.250000000000000000e-02
6.250000000000000000e-02
6.217616580310881408e-02
6.217616580310881408e-02
6.217616580310881408e-02
6.217616580310881408e-02
6.217616580310881408e-02
6.185567010309278579e-02
6.185567010309278579e-02
6.185567010309278579e-02
6.185567010309278579e-02
6.185567010309278579e-02
6.153846153846154188e-02
6.153846153846154188e-02
6.153846153846154188e-02
6.153846153846154188e-02
6.153846153846154188e-02
6.122448979591836593e-02
6.122448979591836593e-02
6.122448979591836593e-02
6.122448979591836593e-02
6.122448979591836593e-02
6.091370558375634042e-02
9.137055837563452798e-02
9.137055837563452798e-02
9.137055837563452798e-02
9.137055837563452798e-02
9.090909090909091161e-02
9.090909090909091161e-02
9.090909090909091161e-02
9.090909090909091161e-02
9.090909090909091161e-02
9.045226130653266639e-02
9.045226130653266639e-02
9.045226130653266639e-02
9.045226130653266639e-02
9.045226130653266639e-02
8.999999999999999667e-02
8.999999999999999667e-02
8.999999999999999667e-02
8.999999999999999667e-02
8.999999999999999667e-02
8.955223880597015795e-02
8.955223880597015795e-02
8.955223880597015795e-02
8.955223880597015795e-02
8.955223880597015795e-02
8.910891089108910479e-02
8.910891089108910479e-02
8.910891089108910479e-02
8.910891089108910479e-02
8.910891089108910479e-02
8.866995073891625889e-02
8.866995073891625889e-02
5.911330049261084157e-02
5.911330049261084157e-02
5.911330049261084157e-02
5.882352941176470507e-02
5.882352941176470507e-02
5.882352941176470507e-02
5.882352941176470507e-02
5.882352941176470507e-02
5.853658536585366196e-02
5.853658536585366196e-02
5.853658536585366196e-02
5.853658536585366196e-02
5.853658536585366196e-02
5.825242718446601436e-02
5.825242718446601436e-02
5.825242718446601436e-02
5.825242718446601436e-02
5.825242718446601436e-02
5.797101449275362389e-02
5.797101449275362389e-02
5.797101449275362389e-02
5.797101449275362389e-02
5.797101449275362389e-02
5.769230769230769551e-02
5.769230769230769551e-02
5.769230769230769551e-02
5.769230769230769551e-02
5.769230769230769551e-02
5.741626794258373329e-02
5.741626794258373329e-02
5.741626794258373329e-02
5.741626794258373329e-02
5.741626794258373329e-02
5.714285714285714801e-02
5.714285714285714801e-02
5.714285714285714801e-02
5.714285714285714801e-02
5.714285714285714801e-02
5.687203791469194747e-02
5.687203791469194747e-02
5.687203791469194747e-02
5.687203791469194747e-02
5.687203791469194747e-02
5.660377358490566169e-02
5.660377358490566169e-02
5.660377358490566169e-02
5.660377358490566169e-02
5.660377358490566169e-02
5.633802816901408578e-02
5.633802816901408578e-02
5.633802816901408578e-02
5.633802816901408578e-02
5.633802816901408578e-02
5.607476635514018620e-02
5.607476635514018620e-02
8.411214953271028971e-02
8.411214953271028971e-02
8.411214953271028971e-02
8.372093023255813837e-02
8.372093023255813837e-02
8.372093023255813837e-02
8.372093023255813837e-02
8.372093023255813837e-02
8.333333333333332871e-02
8.333333333333332871e-02
8.333333333333332871e-02
8.333333333333332871e-02
8.333333333333332871e-02
8.294930875576038420e-02
8.294930875576038420e-02
8.294930875576038420e-02
8.294930875576038420e-02
8.294930875576038420e-02
8.256880733944954587e-02
8.256880733944954587e-02
8.256880733944954587e-02
8.256880733944954587e-02
8.256880733944954587e-02
8.219178082191780366e-02
8.219178082191780366e-02
8.219178082191780366e-02
8.219178082191780366e-02
8.219178082191780366e-02
8.181818181818181768e-02
8.181818181818181768e-02
8.181818181818181768e-02
8.181818181818181768e-02
8.181818181818181768e-02
8.144796380090497945e-02
8.144796380090497945e-02
8.144796380090497945e-02
8.144796380090497945e-02
8.144796380090497945e-02
8.108108108108108558e-02
8.108108108108108558e-02
8.108108108108108558e-02
8.108108108108108558e-02
8.108108108108108558e-02
8.071748878923767911e-02
8.071748878923767911e-02
8.071748878923767911e-02
8.071748878923767911e-02
8.071748878923767911e-02
8.035714285714286309e-02
8.035714285714286309e-02
8.035714285714286309e-02
8.035714285714286309e-02
5.357142857142856845e-02
5.333333333333333676e-02
5.333333333333333676e-02
5.333333333333333676e-02
5.333333333333333676e-02
5.333333333333333676e-02
5.309734513274336209e-02
5.309734513274336209e-02
5.309734513274336209e-02
5.309734513274336209e-02
5.309734513274336209e-02
5.286343612334802600e-02
5.286343612334802600e-02
5.286343612334802600e-02
5.286343612334802600e-02
5.286343612334802600e-02
5.263157894736841813e-02
5.263157894736841813e-02
5.263157894736841813e-02
5.263157894736841813e-02
5.263157894736841813e-02
5.240174672489082697e-02
5.240174672489082697e-02
5.240174672489082697e-02
5.240174672489082697e-02
5.240174672489082697e-02
5.217391304347826497e-02
5.217391304347826497e-02
5.217391304347826497e-02
5.217391304347826497e-02
5.217391304347826497e-02
5.194805194805195148e-02
5.194805194805195148e-02
5.194805194805195148e-02
7.792207792207793415e-02
7.792207792207793415e-02
7.758620689655172653e-02
7.758620689655172653e-02
7.758620689655172653e-02
7.758620689655172653e-02
7.758620689655172653e-02
7.725321888412017834e-02
7.725321888412017834e-02
7.725321888412017834e-02
7.725321888412017834e-02
7.725321888412017834e-02
7.692307692307692735e-02
7.692307692307692735e-02
7.692307692307692735e-02
7.692307692307692735e-02
7.692307692307692735e-02
7.659574468085106336e-02
7.659574468085106336e-02
7.659574468085106336e-02
7.659574468085106336e-02
7.659574468085106336e-02
7.627118644067797104e-02
7.627118644067797104e-02
7.627118644067797104e-02
7.627118644067797104e-02
7.627118644067797104e-02
7.594936708860759722e-02
7.594936708860759722e-02
7.594936708860759722e-02
7.594936708860759722e-02
7.594936708860759722e-02
7.563025210084034500e-02
7.563025210084034500e-02
7.563025210084034500e-02
7.563025210084034500e-02
7.563025210084034500e-02
7.531380753138075534e-02
7.531380753138075534e-02
7.531380753138075534e-02
7.531380753138075534e-02
7.531380753138075534e-02
7.500000000000001110e-02
7.500000000000001110e-02
7.500000000000001110e-02
7.500000000000001110e-02
7.500000000000001110e-02
7.468879668049792364e-02
7.468879668049792364e-02
7.468879668049792364e-02
7.468879668049792364e-02
7.468879668049792364e-02
7.438016528925620041e-02
7.438016528925620041e-02
7.438016528925620041e-02
7.438016528925620041e-02
7.438016528925620041e-02
7.407407407407406996e-02
7.407407407407406996e-02
7.407407407407406996e-02
7.407407407407406996e-02
7.407407407407406996e-02
7.377049180327868716e-02
7.377049180327868716e-02
7.377049180327868716e-02
7.377049180327868716e-02
7.377049180327868716e-02
7.346938775510204744e-02
7.346938775510204744e-02
7.346938775510204744e-02
7.346938775510204744e-02
7.346938775510204744e-02
7.317073170731708265e-02
7.317073170731708265e-02
4.878048780487805741e-02
4.878048780487805741e-02
4.878048780487805741e-02
4.858299595141700455e-02
4.858299595141700455e-02
4.858299595141700455e-02
4.858299595141700455e-02
4.858299595141700455e-02
4.838709677419354704e-02
4.838709677419354704e-02
4.838709677419354704e-02
4.838709677419354704e-02
7.258064516129032751e-02
7.228915662650603480e-02
7.228915662650603480e-02
7.228915662650603480e-02
7.228915662650603480e-02
7.228915662650603480e-02
7.200000000000000844e-02
7.200000000000000844e-02
7.200000000000000844e-02
7.200000000000000844e-02
7.200000000000000844e-02
7.171314741035857143e-02
7.171314741035857143e-02
7.171314741035857143e-02
7.171314741035857143e-02
7.171314741035857143e-02
7.142857142857142461e-02
7.142857142857142461e-02
7.142857142857142461e-02
7.142857142857142461e-02
7.142857142857142461e-02
7.114624505928854314e-02
7.114624505928854314e-02
7.114624505928854314e-02
7.114624505928854314e-02
7.114624505928854314e-02
7.086614173228346358e-02
7.086614173228346358e-02
7.086614173228346358e-02
7.086614173228346358e-02
7.086614173228346358e-02
7.058823529411764608e-02
7.058823529411764608e-02
7.058823529411764608e-02
7.058823529411764608e-02
7.058823529411764608e-02
7.031250000000000000e-02
7.031250000000000000e-02
7.031250000000000000e-02
7.031250000000000000e-02
7.031250000000000000e-02
7.003891050583657685e-02
7.003891050583657685e-02
7.003891050583657685e-02
7.003891050583657685e-02
7.003891050583657685e-02
6.976744186046511531e-02
6.976744186046511531e-02
6.976744186046511531e-02
6.976744186046511531e-02
6.976744186046511531e-02
6.949806949806949796e-02
6.949806949806949796e-02
6.949806949806949796e-02
6.949806949806949796e-02
6.949806949806949796e-02
6.923076923076923461e-02
6.923076923076923461e-02
6.923076923076923461e-02
6.923076923076923461e-02
6.923076923076923461e-02
6.896551724137930939e-02
6.896551724137930939e-02
6.896551724137930939e-02
6.896551724137930939e-02
6.896551724137930939e-02
6.870229007633588125e-02
6.870229007633588125e-02
6.870229007633588125e-02
6.870229007633588125e-02
6.870229007633588125e-02
6.844106463878327218e-02
6.844106463878327218e-02
6.844106463878327218e-02
6.844106463878327218e-02
6.844106463878327218e-02
6.818181818181819065e-02
6.818181818181819065e-02
6.818181818181819065e-02
6.818181818181819065e-02
6.818181818181819065e-02
6.792452830188679125e-02
6.792452830188679125e-02
6.792452830188679125e-02
6.792452830188679125e-02
6.792452830188679125e-02
9.022556390977443108e-02
9.022556390977443108e-02
9.022556390977443108e-02
9.022556390977443108e-02
9.022556390977443108e-02
8.988764044943821363e-02
8.988764044943821363e-02
8.988764044943821363e-02
8.988764044943821363e-02
6.741573033707864981e-02
6.716417910447761153e-02
6.716417910447761153e-02
6.716417910447761153e-02
6.716417910447761153e-02
6.716417910447761153e-02
6.691449814126394779e-02
6.691449814126394779e-02
6.691449814126394779e-02
6.691449814126394779e-02
6.691449814126394779e-02
6.666666666666667962e-02
6.666666666666667962e-02
6.666666666666667962e-02
6.666666666666667962e-02
6.666666666666667962e-02
6.642066420664206883e-02
6.642066420664206883e-02
6.642066420664206883e-02
6.642066420664206883e-02
6.642066420664206883e-02
6.617647058823530881e-02
6.617647058823530881e-02
6.617647058823530881e-02
6.617647058823530881e-02
6.617647058823530881e-02
6.593406593406594962e-02
6.593406593406594962e-02
6.593406593406594962e-02
6.593406593406594962e-02
6.593406593406594962e-02
6.569343065693430961e-02
6.569343065693430961e-02
6.569343065693430961e-02
6.569343065693430961e-02
6.569343065693430961e-02
6.545454545454545969e-02
6.545454545454545969e-02
6.545454545454545969e-02
6.545454545454545969e-02
6.545454545454545969e-02
6.521739130434782428e-02
6.521739130434782428e-02
6.521739130434782428e-02
6.521739130434782428e-02
6.521739130434782428e-02
6.498194945848376203e-02
6.498194945848376203e-02
6.498194945848376203e-02
6.498194945848376203e-02
6.498194945848376203e-02
6.474820143884893464e-02
6.474820143884893464e-02
6.474820143884893464e-02
6.474820143884893464e-02
6.474820143884893464e-02
6.451612903225807660e-02
6.451612903225807660e-02
6.451612903225807660e-02
6.451612903225807660e-02
6.451612903225807660e-02
6.428571428571429325e-02
6.428571428571429325e-02
6.428571428571429325e-02
6.428571428571429325e-02
6.428571428571429325e-02
6.405693950177936136e-02
6.405693950177936136e-02
6.405693950177936136e-02
6.405693950177936136e-02
6.405693950177936136e-02
6.382978723404256205e-02
6.382978723404256205e-02
6.382978723404256205e-02
6.382978723404256205e-02
6.382978723404256205e-02
6.360424028268552021e-02
8.480565371024735566e-02
8.480565371024735566e-02
8.480565371024735566e-02
8.480565371024735566e-02
8.450704225352113907e-02
8.450704225352113907e-02
8.450704225352113907e-02
8.450704225352113907e-02
8.450704225352113907e-02
8.421052631578948566e-02
8.421052631578948566e-02
8.421052631578948566e-02
8.421052631578948566e-02
8.421052631578948566e-02
8.391608391608391948e-02
8.391608391608391948e-02
8.391608391608391948e-02
8.391608391608391948e-02
8.391608391608391948e-02
8.362369337979094763e-02
8.362369337979094763e-02
8.362369337979094763e-02
8.362369337979094763e-02
8.362369337979094763e-02
8.333333333333332871e-02
8.333333333333332871e-02
8.333333333333332871e-02
8.333333333333332871e-02
8.333333333333332871e-02
8.304498269896194718e-02
8.304498269896194718e-02
6.228373702422144997e-02
6.228373702422144997e-02
6.228373702422144997e-02
6.206896551724137845e-02
6.206896551724137845e-02
6.206896551724137845e-02
6.206896551724137845e-02
6.206896551724137845e-02
6.185567010309278579e-02
6.185567010309278579e-02
6.185567010309278579e-02
6.185567010309278579e-02
6.185567010309278579e-02
6.164383561643835274e-02
6.164383561643835274e-02
6.164383561643835274e-02
6.164383561643835274e-02
6.164383561643835274e-02
6.143344709897610723e-02
6.143344709897610723e-02
6.143344709897610723e-02
6.143344709897610723e-02
6.143344709897610723e-02
6.122448979591836593e-02
6.122448979591836593e-02
6.122448979591836593e-02
6.122448979591836593e-02
6.122448979591836593e-02
6.101694915254236851e-02
6.101694915254236851e-02
6.101694915254236851e-02
6.101694915254236851e-02
6.101694915254236851e-02
6.081081081081081419e-02
6.081081081081081419e-02
6.081081081081081419e-02
6.081081081081081419e-02
6.081081081081081419e-02
6.060606060606061468e-02
6.060606060606061468e-02
6.060606060606061468e-02
6.060606060606061468e-02
6.060606060606061468e-02
6.040268456375838535e-02
6.040268456375838535e-02
6.040268456375838535e-02
6.040268456375838535e-02
6.040268456375838535e-02
6.020066889632107177e-02
6.020066889632107177e-02
6.020066889632107177e-02
6.020066889632107177e-02
6.020066889632107177e-02
6.000000000000000472e-02
6.000000000000000472e-02
8.000000000000001554e-02
8.000000000000001554e-02
8.000000000000001554e-02
7.973421926910299884e-02
7.973421926910299884e-02
7.973421926910299884e-02
7.973421926910299884e-02
7.973421926910299884e-02
7.947019867549669214e-02
7.947019867549669214e-02
7.947019867549669214e-02
7.947019867549669214e-02
7.947019867549669214e-02
7.920792079207920888e-02
7.920792079207920888e-02
7.920792079207920888e-02
7.920792079207920888e-02
7.920792079207920888e-02
7.894736842105262720e-02
7.894736842105262720e-02
7.894736842105262720e-02
7.894736842105262720e-02
7.894736842105262720e-02
7.868852459016394130e-02
7.868852459016394130e-02
7.868852459016394130e-02
7.868852459016394130e-02
7.868852459016394130e-02
7.843137254901962063e-02
7.843137254901962063e-02
7.843137254901962063e-02
7.843137254901962063e-02
7.843137254901962063e-02
7.817589576547231967e-02
7.817589576547231967e-02
7.817589576547231967e-02
7.817589576547231967e-02
7.817589576547231967e-02
7.792207792207793415e-02
7.792207792207793415e-02
7.792207792207793415e-02
7.792207792207793415e-02
7.792207792207793415e-02
7.766990291262136636e-02
7.766990291262136636e-02
7.766990291262136636e-02
7.766990291262136636e-02
7.766990291262136636e-02
7.741935483870968082e-02
7.741935483870968082e-02
7.741935483870968082e-02
7.741935483870968082e-02
5.806451612903226062e-02
5.787781350482315568e-02
5.787781350482315568e-02
5.787781350482315568e-02
5.787781350482315568e-02
5.787781350482315568e-02
5.769230769230769551e-02
5.769230769230769551e-02
5.769230769230769551e-02
5.769230769230769551e-02
5.769230769230769551e-02
5.750798722044728195e-02
5.750798722044728195e-02
5.750798722044728195e-02
5.750798722044728195e-02
5.750798722044728195e-02
5.732484076433121134e-02
5.732484076433121134e-02
5.732484076433121134e-02
5.732484076433121134e-02
5.732484076433121134e-02
5.714285714285714801e-02
5.714285714285714801e-02
5.714285714285714801e-02
5.714285714285714801e-02
5.714285714285714801e-02
5.696202531645570138e-02
5.696202531645570138e-02
5.696202531645570138e-02
5.696202531645570138e-02
5.696202531645570138e-02
5.678233438485804502e-02
5.678233438485804502e-02
5.678233438485804502e-02
7.570977917981072669e-02
7.570977917981072669e-02
7.547169811320755817e-02
7.547169811320755817e-02
7.547169811320755817e-02
7.547169811320755817e-02
7.547169811320755817e-02
7.523510971786834256e-02
7.523510971786834256e-02
7.523510971786834256e-02
7.523510971786834256e-02
7.523510971786834256e-02
7.500000000000001110e-02
7.500000000000001110e-02
7.500000000000001110e-02
7.500000000000001110e-02
7.500000000000001110e-02
7.476635514018692419e-02
7.476635514018692419e-02
7.476635514018692419e-02
7.476635514018692419e-02
7.476635514018692419e-02
7.453416149068323171e-02
7.453416149068323171e-02
7.453416149068323171e-02
7.453416149068323171e-02
7.453416149068323171e-02
7.430340557275542934e-02
7.430340557275542934e-02
7.430340557275542934e-02
7.430340557275542934e-02
7.430340557275542934e-02
7.407407407407406996e-02
7.407407407407406996e-02
7.407407407407406996e-02
7.407407407407406996e-02
7.407407407407406996e-02
7.384615384615385303e-02
7.384615384615385303e-02
7.384615384615385303e-02
7.384615384615385303e-02
7.384615384615385303e-02
7.361963190184049599e-02
7.361963190184049599e-02
7.361963190184049599e-02
7.361963190184049599e-02
7.361963190184049599e-02
7.339449541284404077e-02
7.339449541284404077e-02
7.339449541284404077e-02
7.339449541284404077e-02
7.339449541284404077e-02
7.317073170731708265e-02
7.317073170731708265e-02
7.317073170731708265e-02
7.317073170731708265e-02
7.317073170731708265e-02
7.294832826747721377e-02
7.294832826747721377e-02
7.294832826747721377e-02
7.294832826747721377e-02
7.294832826747721377e-02
7.272727272727273762e-02
7.272727272727273762e-02
7.272727272727273762e-02
7.272727272727273762e-02
7.272727272727273762e-02
7.250755287009064132e-02
7.250755287009064132e-02
7.250755287009064132e-02
7.250755287009064132e-02
7.250755287009064132e-02
7.228915662650603480e-02
7.228915662650603480e-02
5.421686746987951916e-02
5.421686746987951916e-02
5.421686746987951916e-02
5.405405405405405705e-02
5.405405405405405705e-02
5.405405405405405705e-02
5.405405405405405705e-02
5.405405405405405705e-02
5.389221556886227699e-02
5.389221556886227699e-02
5.389221556886227699e-02
5.389221556886227699e-02
7.185628742514971190e-02
7.164179104477612359e-02
7.164179104477612359e-02
7.164179104477612359e-02
7.164179104477612359e-02
7.164179104477612359e-02
7.142857142857142461e-02
7.142857142857142461e-02
7.142857142857142461e-02
7.142857142857142461e-02
7.142857142857142461e-02
7.121661721068249518e-02
7.121661721068249518e-02
7.121661721068249518e-02
7.121661721068249518e-02
7.121661721068249518e-02
7.100591715976331542e-02
7.100591715976331542e-02
7.100591715976331542e-02
7.100591715976331542e-02
7.100591715976331542e-02
7.079646017699114946e-02
7.079646017699114946e-02
7.079646017699114946e-02
7.079646017699114946e-02
7.079646017699114946e-02
7.058823529411764608e-02
7.058823529411764608e-02
7.058823529411764608e-02
7.058823529411764608e-02
7.058823529411764608e-02
7.038123167155425908e-02
7.038123167155425908e-02
7.038123167155425908e-02
7.038123167155425908e-02
7.038123167155425908e-02
7.017543859649122417e-02
7.017543859649122417e-02
7.017543859649122417e-02
7.017543859649122417e-02
7.017543859649122417e-02
6.997084548104956503e-02
6.997084548104956503e-02
6.997084548104956503e-02
6.997084548104956503e-02
6.997084548104956503e-02
6.976744186046511531e-02
6.976744186046511531e-02
6.976744186046511531e-02
6.976744186046511531e-02
6.976744186046511531e-02
6.956521739130434867e-02
6.956521739130434867e-02
6.956521739130434867e-02
6.956521739130434867e-02
6.956521739130434867e-02
6.936416184971098964e-02
6.936416184971098964e-02
6.936416184971098964e-02
6.936416184971098964e-02
6.936416184971098964e-02
6.916426512968300300e-02
6.916426512968300300e-02
6.916426512968300300e-02
6.916426512968300300e-02
6.916426512968300300e-02
6.896551724137930939e-02
6.896551724137930939e-02
6.896551724137930939e-02
6.896551724137930939e-02
6.896551724137930939e-02
6.876790830945558874e-02
6.876790830945558874e-02
6.876790830945558874e-02
6.876790830945558874e-02
6.876790830945558874e-02
6.857142857142857484e-02
6.857142857142857484e-02
6.857142857142857484e-02
6.857142857142857484e-02
6.857142857142857484e-02
6.837606837606838295e-02
6.837606837606838295e-02
6.837606837606838295e-02
6.837606837606838295e-02
6.837606837606838295e-02
8.522727272727273484e-02
8.522727272727273484e-02
8.522727272727273484e-02
8.522727272727273484e-02
8.522727272727273484e-02
8.498583569405099292e-02
8.498583569405099292e-02
8.498583569405099292e-02
8.498583569405099292e-02
6.798866855524079988e-02
6.779661016949152519e-02
6.779661016949152519e-02
6.779661016949152519e-02
6.779661016949152519e-02
6.779661016949152519e-02
6.760563380281690848e-02
6.760563380281690848e-02
6.760563380281690848e-02
6.760563380281690848e-02
6.760563380281690848e-02
6.741573033707864981e-02
6.741573033707864981e-02
6.741573033707864981e-02
6.741573033707864981e-02
6.741573033707864981e-02
6.722689075630253197e-02
6.722689075630253197e-02
6.722689075630253197e-02
6.722689075630253197e-02
6.722689075630253197e-02
6.703910614525140921e-02
6.703910614525140921e-02
6.703910614525140921e-02
6.703910614525140921e-02
6.703910614525140921e-02
6.685236768802228779e-02
6.685236768802228779e-02
6.685236768802228779e-02
6.685236768802228779e-02
6.685236768802228779e-02
6.666666666666667962e-02
6.666666666666667962e-02
6.666666666666667962e-02
6.666666666666667962e-02
6.666666666666667962e-02
6.648199445983379863e-02
6.648199445983379863e-02
6.648199445983379863e-02
6.648199445983379863e-02
6.648199445983379863e-02
6.629834254143646133e-02
6.629834254143646133e-02
6.629834254143646133e-02
6.629834254143646133e-02
6.629834254143646133e-02
6.611570247933884481e-02
6.611570247933884481e-02
6.611570247933884481e-02
6.611570247933884481e-02
6.611570247933884481e-02
6.593406593406594962e-02
6.593406593406594962e-02
6.593406593406594962e-02
6.593406593406594962e-02
6.593406593406594962e-02
6.575342465753425403e-02
6.575342465753425403e-02
6.575342465753425403e-02
6.575342465753425403e-02
6.575342465753425403e-02
6.557377049180328210e-02
6.557377049180328210e-02
6.557377049180328210e-02
6.557377049180328210e-02
6.557377049180328210e-02
6.539509536784741950e-02
6.539509536784741950e-02
6.539509536784741950e-02
6.539509536784741950e-02
6.539509536784741950e-02
6.521739130434782428e-02
6.521739130434782428e-02
6.521739130434782428e-02
6.521739130434782428e-02
6.521739130434782428e-02
6.504065040650407192e-02
8.130081300813009337e-02
8.130081300813009337e-02
8.130081300813009337e-02
8.130081300813009337e-02
8.108108108108108558e-02
8.108108108108108558e-02
8.108108108108108558e-02
8.108108108108108558e-02
8.108108108108108558e-02
8.086253369272237979e-02
8.086253369272237979e-02
8.086253369272237979e-02
8.086253369272237979e-02
8.086253369272237979e-02
8.064516129032259228e-02
8.064516129032259228e-02
8.064516129032259228e-02
8.064516129032259228e-02
8.064516129032259228e-02
8.042895442359250524e-02
8.042895442359250524e-02
8.042895442359250524e-02
8.042895442359250524e-02
8.042895442359250524e-02
8.021390374331550943e-02
8.021390374331550943e-02
8.021390374331550943e-02
8.021390374331550943e-02
8.021390374331550943e-02
8.000000000000001554e-02
8.000000000000001554e-02
6.400000000000000133e-02
6.400000000000000133e-02
6.400000000000000133e-02
6.382978723404256205e-02
6.382978723404256205e-02
6.382978723404256205e-02
6.382978723404256205e-02
6.382978723404256205e-02
6.366047745358090204e-02
6.366047745358090204e-02
6.366047745358090204e-02
6.366047745358090204e-02
6.366047745358090204e-02
6.349206349206348854e-02
6.349206349206348854e-02
6.349206349206348854e-02
6.349206349206348854e-02
6.349206349206348854e-02
6.332453825857520258e-02
6.332453825857520258e-02
6.332453825857520258e-02
6.332453825857520258e-02
6.332453825857520258e-02
6.315789473684210731e-02
6.315789473684210731e-02
6.315789473684210731e-02
6.315789473684210731e-02
6.315789473684210731e-02
6.299212598425196763e-02
6.299212598425196763e-02
6.299212598425196763e-02
6.299212598425196763e-02
6.299212598425196763e-02
6.282722513089006311e-02
6.282722513089006311e-02
6.282722513089006311e-02
6.282722513089006311e-02
6.282722513089006311e-02
6.266318537859008608e-02
6.266318537859008608e-02
6.266318537859008608e-02
6.266318537859008608e-02
6.266318537859008608e-02
6.250000000000000000e-02
6.250000000000000000e-02
6.250000000000000000e-02
6.250000000000000000e-02
6.250000000000000000e-02
6.233766233766233761e-02
6.233766233766233761e-02
6.233766233766233761e-02
6.233766233766233761e-02
6.233766233766233761e-02
6.217616580310881408e-02
6.217616580310881408e-02
7.772020725388600892e-02
7.772020725388600892e-02
7.772020725388600892e-02
7.751937984496123923e-02
7.751937984496123923e-02
7.751937984496123923e-02
7.751937984496123923e-02
7.751937984496123923e-02
7.731958762886598224e-02
7.731958762886598224e-02
7.731958762886598224e-02
7.731958762886598224e-02
7.731958762886598224e-02
7.712082262210798178e-02
7.712082262210798178e-02
7.712082262210798178e-02
7.712082262210798178e-02
7.712082262210798178e-02
7.692307692307692735e-02
7.692307692307692735e-02
7.692307692307692735e-02
7.692307692307692735e-02
7.692307692307692735e-02
7.672634271099744441e-02
7.672634271099744441e-02
7.672634271099744441e-02
7.672634271099744441e-02
7.672634271099744441e-02
7.653061224489796088e-02
7.653061224489796088e-02
7.653061224489796088e-02
7.653061224489796088e-02
7.653061224489796088e-02
7.633587786259542207e-02
7.633587786259542207e-02
7.633587786259542207e-02
7.633587786259542207e-02
7.633587786259542207e-02
7.614213197969543767e-02
7.614213197969543767e-02
7.614213197969543767e-02
7.614213197969543767e-02
7.614213197969543767e-02
7.594936708860759722e-02
7.594936708860759722e-02
7.594936708860759722e-02
7.594936708860759722e-02
7.594936708860759722e-02
7.575757575757575968e-02
7.575757575757575968e-02
7.575757575757575968e-02
7.575757575757575968e-02
6.060606060606061468e-02
6.045340050377833591e-02
6.045340050377833591e-02
6.045340050377833591e-02
6.045340050377833591e-02
6.045340050377833591e-02
6.030150753768844657e-02
6.030150753768844657e-02
6.030150753768844657e-02
6.030150753768844657e-02
6.030150753768844657e-02
6.015037593984962072e-02
6.015037593984962072e-02
6.015037593984962072e-02
6.015037593984962072e-02
6.015037593984962072e-02
6.000000000000000472e-02
6.000000000000000472e-02
6.000000000000000472e-02
6.000000000000000472e-02
6.000000000000000472e-02
5.985037406483790373e-02
5.985037406483790373e-02
5.985037406483790373e-02
5.985037406483790373e-02
5.985037406483790373e-02
5.970149253731343170e-02
5.970149253731343170e-02
5.970149253731343170e-02
5.970149253731343170e-02
5.970149253731343170e-02
5.955334987593052104e-02
5.955334987593052104e-02
5.955334987593052104e-02
7.444168734491315997e-02
7.444168734491315997e-02
7.425742574257426787e-02
7.425742574257426787e-02
7.425742574257426787e-02
7.425742574257426787e-02
7.425742574257426787e-02
7.407407407407406996e-02
7.407407407407406996e-02
7.407407407407406996e-02
7.407407407407406996e-02
7.407407407407406996e-02
7.389162561576355370e-02
7.389162561576355370e-02
7.389162561576355370e-02
7.389162561576355370e-02
7.389162561576355370e-02
7.371007371007370912e-02
7.371007371007370912e-02
7.371007371007370912e-02
7.371007371007370912e-02
7.371007371007370912e-02
7.352941176470588480e-02
7.352941176470588480e-02
7.352941176470588480e-02
7.352941176470588480e-02
7.352941176470588480e-02
7.334963325183374572e-02
7.334963325183374572e-02
7.334963325183374572e-02
7.334963325183374572e-02
7.334963325183374572e-02
7.317073170731708265e-02
7.317073170731708265e-02
7.317073170731708265e-02
7.317073170731708265e-02
7.317073170731708265e-02
7.299270072992701530e-02
7.299270072992701530e-02
7.299270072992701530e-02
7.299270072992701530e-02
7.299270072992701530e-02
7.281553398058253357e-02
7.281553398058253357e-02
7.281553398058253357e-02
7.281553398058253357e-02
7.281553398058253357e-02
7.263922518159807162e-02
7.263922518159807162e-02
7.263922518159807162e-02
7.263922518159807162e-02
7.263922518159807162e-02
7.246376811594203160e-02
7.246376811594203160e-02
7.246376811594203160e-02
7.246376811594203160e-02
7.246376811594203160e-02
7.228915662650603480e-02
7.228915662650603480e-02
7.228915662650603480e-02
7.228915662650603480e-02
7.228915662650603480e-02
7.211538461538462286e-02
7.211538461538462286e-02
7.211538461538462286e-02
7.211538461538462286e-02
7.211538461538462286e-02
7.194244604316547831e-02
7.194244604316547831e-02
7.194244604316547831e-02
7.194244604316547831e-02
7.194244604316547831e-02
7.177033492822966487e-02
7.177033492822966487e-02
5.741626794258373329e-02
5.741626794258373329e-02
5.741626794258373329e-02
5.727923627684964464e-02
5.727923627684964464e-02
5.727923627684964464e-02
5.727923627684964464e-02
5.727923627684964464e-02
5.714285714285714801e-02
5.714285714285714801e-02
5.714285714285714801e-02
5.714285714285714801e-02
7.142857142857142461e-02
7.125890736342042897e-02
7.125890736342042897e-02
7.125890736342042897e-02
7.125890736342042897e-02
7.125890736342042897e-02
7.109004739336492740e-02
7.109004739336492740e-02
7.109004739336492740e-02
7.109004739336492740e-02
7.109004739336492740e-02
7.092198581560284210e-02
7.092198581560284210e-02
7.092198581560284210e-02
7.092198581560284210e-02
7.092198581560284210e-02
7.075471698113208752e-02
7.075471698113208752e-02
7.075471698113208752e-02
7.075471698113208752e-02
7.075471698113208752e-02
7.058823529411764608e-02
7.058823529411764608e-02
7.058823529411764608e-02
7.058823529411764608e-02
7.058823529411764608e-02
7.042253521126760896e-02
7.042253521126760896e-02
7.042253521126760896e-02
7.042253521126760896e-02
7.042253521126760896e-02
7.025761124121780721e-02
7.025761124121780721e-02
7.025761124121780721e-02
7.025761124121780721e-02
7.025761124121780721e-02
7.009345794392524143e-02
7.009345794392524143e-02
7.009345794392524143e-02
7.009345794392524143e-02
7.009345794392524143e-02
6.993006993006993521e-02
6.993006993006993521e-02
6.993006993006993521e-02
6.993006993006993521e-02
6.993006993006993521e-02
6.976744186046511531e-02
6.976744186046511531e-02
6.976744186046511531e-02
6.976744186046511531e-02
6.976744186046511531e-02
6.960556844547563515e-02
6.960556844547563515e-02
6.960556844547563515e-02
6.960556844547563515e-02
6.960556844547563515e-02
6.944444444444444753e-02
6.944444444444444753e-02
6.944444444444444753e-02
6.944444444444444753e-02
6.944444444444444753e-02
6.928406466512702921e-02
6.928406466512702921e-02
6.928406466512702921e-02
6.928406466512702921e-02
6.928406466512702921e-02
6.912442396313364656e-02
6.912442396313364656e-02
6.912442396313364656e-02
6.912442396313364656e-02
6.912442396313364656e-02
6.896551724137930939e-02
6.896551724137930939e-02
6.896551724137930939e-02
6.896551724137930939e-02
6.896551724137930939e-02
6.880733944954128822e-02
6.880733944954128822e-02
6.880733944954128822e-02
6.880733944954128822e-02
6.880733944954128822e-02
6.864988558352402848e-02
6.864988558352402848e-02
6.864988558352402848e-02
6.864988558352402848e-02
6.864988558352402848e-02
8.219178082191780366e-02
8.219178082191780366e-02
8.219178082191780366e-02
8.219178082191780366e-02
8.219178082191780366e-02
8.200455580865603777e-02
8.200455580865603777e-02
8.200455580865603777e-02
8.200455580865603777e-02
6.833712984054671202e-02
6.818181818181819065e-02
6.818181818181819065e-02
6.818181818181819065e-02
6.818181818181819065e-02
6.818181818181819065e-02
6.802721088435374763e-02
6.802721088435374763e-02
6.802721088435374763e-02
6.802721088435374763e-02
6.802721088435374763e-02
6.787330316742082315e-02
6.787330316742082315e-02
6.787330316742082315e-02
6.787330316742082315e-02
6.787330316742082315e-02
6.772009029345373021e-02
6.772009029345373021e-02
6.772009029345373021e-02
6.772009029345373021e-02
6.772009029345373021e-02
6.756756756756757132e-02
6.756756756756757132e-02
6.756756756756757132e-02
6.756756756756757132e-02
6.756756756756757132e-02
6.741573033707864981e-02
6.741573033707864981e-02
6.741573033707864981e-02
6.741573033707864981e-02
6.741573033707864981e-02
6.726457399103139001e-02
6.726457399103139001e-02
6.726457399103139001e-02
6.726457399103139001e-02
6.726457399103139001e-02
6.711409395973155778e-02
6.711409395973155778e-02
6.711409395973155778e-02
6.711409395973155778e-02
6.711409395973155778e-02
6.696428571428572618e-02
6.696428571428572618e-02
6.696428571428572618e-02
6.696428571428572618e-02
6.696428571428572618e-02
6.681514476614699993e-02
6.681514476614699993e-02
6.681514476614699993e-02
6.681514476614699993e-02
6.681514476614699993e-02
6.666666666666667962e-02
6.666666666666667962e-02
6.666666666666667962e-02
6.666666666666667962e-02
6.666666666666667962e-02
6.651884700665189332e-02
6.651884700665189332e-02
6.651884700665189332e-02
6.651884700665189332e-02
6.651884700665189332e-02
6.637168141592920956e-02
6.637168141592920956e-02
6.637168141592920956e-02
6.637168141592920956e-02
6.637168141592920956e-02
6.622516556291391243e-02
6.622516556291391243e-02
6.622516556291391243e-02
6.622516556291391243e-02
6.622516556291391243e-02
6.607929515418503597e-02
6.607929515418503597e-02
6.607929515418503597e-02
6.607929515418503597e-02
6.607929515418503597e-02
6.593406593406594962e-02
7.912087912087913122e-02
7.912087912087913122e-02
7.912087912087913122e-02
7.912087912087913122e-02
7.894736842105262720e-02
7.894736842105262720e-02
7.894736842105262720e-02
7.894736842105262720e-02
7.894736842105262720e-02
7.877461706783370210e-02
7.877461706783370210e-02
7.877461706783370210e-02
7.877461706783370210e-02
7.877461706783370210e-02
7.860262008733624739e-02
7.860262008733624739e-02
7.860262008733624739e-02
7.860262008733624739e-02
7.860262008733624739e-02
7.843137254901962063e-02
7.843137254901962063e-02
7.843137254901962063e-02
7.843137254901962063e-02
7.843137254901962063e-02
7.826086956521739746e-02
7.826086956521739746e-02
7.826086956521739746e-02
7.826086956521739746e-02
7.826086956521739746e-02
7.809110629067245180e-02
7.809110629067245180e-02
6.507592190889371908e-02
6.507592190889371908e-02
6.507592190889371908e-02
6.493506493506494281e-02
6.493506493506494281e-02
6.493506493506494281e-02
6.493506493506494281e-02
6.493506493506494281e-02
6.479481641468683162e-02
6.479481641468683162e-02
6.479481641468683162e-02
6.479481641468683162e-02
6.479481641468683162e-02
6.465517241379310776e-02
6.465517241379310776e-02
6.465517241379310776e-02
6.465517241379310776e-02
6.465517241379310776e-02
6.451612903225807660e-02
6.451612903225807660e-02
6.451612903225807660e-02
6.451612903225807660e-02
6.451612903225807660e-02
6.437768240343348658e-02
6.437768240343348658e-02
6.437768240343348658e-02
6.437768240343348658e-02
6.437768240343348658e-02
6.423982869379014915e-02
6.423982869379014915e-02
6.423982869379014915e-02
6.423982869379014915e-02
6.423982869379014915e-02
6.410256410256411075e-02
6.410256410256411075e-02
6.410256410256411075e-02
6.410256410256411075e-02
6.410256410256411075e-02
6.396588486140725172e-02
6.396588486140725172e-02
6.396588486140725172e-02
6.396588486140725172e-02
6.396588486140725172e-02
6.382978723404256205e-02
6.382978723404256205e-02
6.382978723404256205e-02
6.382978723404256205e-02
6.382978723404256205e-02
6.369426751592356661e-02
6.369426751592356661e-02
6.369426751592356661e-02
6.369426751592356661e-02
6.369426751592356661e-02
6.355932203389830226e-02
6.355932203389830226e-02
7.627118644067797104e-02
7.627118644067797104e-02
7.627118644067797104e-02
7.610993657505285559e-02
7.610993657505285559e-02
7.610993657505285559e-02
7.610993657505285559e-02
7.610993657505285559e-02
7.594936708860759722e-02
7.594936708860759722e-02
7.594936708860759722e-02
7.594936708860759722e-02
7.594936708860759722e-02
7.578947368421053155e-02
7.578947368421053155e-02
7.578947368421053155e-02
7.578947368421053155e-02
7.578947368421053155e-02
7.563025210084034500e-02
7.563025210084034500e-02
7.563025210084034500e-02
7.563025210084034500e-02
7.563025210084034500e-02
7.547169811320755817e-02
7.547169811320755817e-02
7.547169811320755817e-02
7.547169811320755817e-02
7.547169811320755817e-02
7.531380753138075534e-02
7.531380753138075534e-02
7.531380753138075534e-02
7.531380753138075534e-02
7.531380753138075534e-02
7.515657620041754639e-02
7.515657620041754639e-02
7.515657620041754639e-02
7.515657620041754639e-02
7.515657620041754639e-02
7.500000000000001110e-02
7.500000000000001110e-02
7.500000000000001110e-02
7.500000000000001110e-02
7.500000000000001110e-02
7.484407484407484823e-02
7.484407484407484823e-02
7.484407484407484823e-02
7.484407484407484823e-02
7.484407484407484823e-02
7.468879668049792364e-02
7.468879668049792364e-02
7.468879668049792364e-02
7.468879668049792364e-02
6.224066390041493868e-02
6.211180124223602411e-02
6.211180124223602411e-02
6.211180124223602411e-02
6.211180124223602411e-02
6.211180124223602411e-02
6.198347107438016701e-02
6.198347107438016701e-02
6.198347107438016701e-02
6.198347107438016701e-02
6.198347107438016701e-02
6.185567010309278579e-02
6.185567010309278579e-02
6.185567010309278579e-02
6.185567010309278579e-02
6.185567010309278579e-02
6.172839506172839857e-02
6.172839506172839857e-02
6.172839506172839857e-02
6.172839506172839857e-02
6.172839506172839857e-02
6.160164271047227635e-02
6.160164271047227635e-02
6.160164271047227635e-02
6.160164271047227635e-02
6.160164271047227635e-02
6.147540983606557263e-02
6.147540983606557263e-02
6.147540983606557263e-02
6.147540983606557263e-02
6.147540983606557263e-02
6.134969325153374897e-02
6.134969325153374897e-02
6.134969325153374897e-02
7.361963190184049599e-02
7.361963190184049599e-02
7.346938775510204744e-02
7.346938775510204744e-02
7.346938775510204744e-02
7.346938775510204744e-02
7.346938775510204744e-02
7.331975560081466226e-02
7.331975560081466226e-02
7.331975560081466226e-02
7.331975560081466226e-02
7.331975560081466226e-02
7.317073170731708265e-02
7.317073170731708265e-02
7.317073170731708265e-02
7.317073170731708265e-02
7.317073170731708265e-02
7.302231237322515112e-02
7.302231237322515112e-02
7.302231237322515112e-02
7.302231237322515112e-02
7.302231237322515112e-02
7.287449392712551377e-02
7.287449392712551377e-02
7.287449392712551377e-02
7.287449392712551377e-02
7.287449392712551377e-02
7.272727272727273762e-02
7.272727272727273762e-02
7.272727272727273762e-02
7.272727272727273762e-02
7.272727272727273762e-02
7.258064516129032751e-02
7.258064516129032751e-02
7.258064516129032751e-02
7.258064516129032751e-02
7.258064516129032751e-02
7.243460764587525413e-02
7.243460764587525413e-02
7.243460764587525413e-02
7.243460764587525413e-02
7.243460764587525413e-02
7.228915662650603480e-02
7.228915662650603480e-02
7.228915662650603480e-02
7.228915662650603480e-02
7.228915662650603480e-02
7.214428857715431131e-02
7.214428857715431131e-02
7.214428857715431131e-02
7.214428857715431131e-02
7.214428857715431131e-02
7.200000000000000844e-02
7.200000000000000844e-02
7.200000000000000844e-02
7.200000000000000844e-02
7.200000000000000844e-02
7.185628742514971190e-02
7.185628742514971190e-02
7.185628742514971190e-02
7.185628742514971190e-02
7.185628742514971190e-02
7.171314741035857143e-02
7.171314741035857143e-02
7.171314741035857143e-02
7.171314741035857143e-02
7.171314741035857143e-02
7.157057654075546504e-02
7.157057654075546504e-02
7.157057654075546504e-02
7.157057654075546504e-02
7.157057654075546504e-02
7.142857142857142461e-02
7.142857142857142461e-02
5.952380952380952051e-02
5.952380952380952051e-02
5.952380952380952051e-02
5.940594059405941013e-02
5.940594059405941013e-02
5.940594059405941013e-02
5.940594059405941013e-02
5.940594059405941013e-02
5.928853754940711929e-02
5.928853754940711929e-02
5.928853754940711929e-02
5.928853754940711929e-02
7.114624505928854314e-02
7.100591715976331542e-02
7.100591715976331542e-02
7.100591715976331542e-02
7.100591715976331542e-02
7.100591715976331542e-02
7.086614173228346358e-02
7.086614173228346358e-02
7.086614173228346358e-02
7.086614173228346358e-02
7.086614173228346358e-02
7.072691552062869424e-02
7.072691552062869424e-02
7.072691552062869424e-02
7.072691552062869424e-02
7.072691552062869424e-02
7.058823529411764608e-02
7.058823529411764608e-02
7.058823529411764608e-02
7.058823529411764608e-02
7.058823529411764608e-02
7.045009784735811742e-02
7.045009784735811742e-02
7.045009784735811742e-02
7.045009784735811742e-02
7.045009784735811742e-02
7.031250000000000000e-02
7.031250000000000000e-02
7.031250000000000000e-02
7.031250000000000000e-02
7.031250000000000000e-02
7.017543859649122417e-02
7.017543859649122417e-02
7.017543859649122417e-02
7.017543859649122417e-02
7.017543859649122417e-02
7.003891050583657685e-02
7.003891050583657685e-02
7.003891050583657685e-02
7.003891050583657685e-02
7.003891050583657685e-02
6.990291262135922556e-02
6.990291262135922556e-02
6.990291262135922556e-02
6.990291262135922556e-02
6.990291262135922556e-02
6.976744186046511531e-02
6.976744186046511531e-02
6.976744186046511531e-02
6.976744186046511531e-02
6.976744186046511531e-02
6.963249516441007148e-02
6.963249516441007148e-02
6.963249516441007148e-02
6.963249516441007148e-02
6.963249516441007148e-02
6.949806949806949796e-02
6.949806949806949796e-02
6.949806949806949796e-02
6.949806949806949796e-02
6.949806949806949796e-02
6.936416184971098964e-02
6.936416184971098964e-02
6.936416184971098964e-02
6.936416184971098964e-02
6.936416184971098964e-02
6.923076923076923461e-02
6.923076923076923461e-02
6.923076923076923461e-02
6.923076923076923461e-02
6.923076923076923461e-02
6.909788867562380310e-02
6.909788867562380310e-02
6.909788867562380310e-02
6.909788867562380310e-02
6.909788867562380310e-02
6.896551724137930939e-02
6.896551724137930939e-02
6.896551724137930939e-02
6.896551724137930939e-02
6.896551724137930939e-02
6.883365200764819669e-02
6.883365200764819669e-02
6.883365200764819669e-02
6.883365200764819669e-02
6.883365200764819669e-02
8.015267175572519942e-02
8.015267175572519942e-02
8.015267175572519942e-02
8.015267175572519942e-02
8.015267175572519942e-02
8.000000000000001554e-02
8.000000000000001554e-02
8.000000000000001554e-02
8.000000000000001554e-02
6.857142857142857484e-02
6.844106463878327218e-02
6.844106463878327218e-02
6.844106463878327218e-02
6.844106463878327218e-02
6.844106463878327218e-02
6.831119544592030579e-02
6.831119544592030579e-02
6.831119544592030579e-02
6.831119544592030579e-02
6.831119544592030579e-02
6.818181818181819065e-02
6.818181818181819065e-02
6.818181818181819065e-02
6.818181818181819065e-02
6.818181818181819065e-02
6.805293005671078643e-02
6.805293005671078643e-02
6.805293005671078643e-02
6.805293005671078643e-02
6.805293005671078643e-02
6.792452830188679125e-02
6.792452830188679125e-02
6.792452830188679125e-02
6.792452830188679125e-02
6.792452830188679125e-02
6.779661016949152519e-02
6.779661016949152519e-02
6.779661016949152519e-02
6.779661016949152519e-02
6.779661016949152519e-02
6.766917293233082331e-02
6.766917293233082331e-02
6.766917293233082331e-02
6.766917293233082331e-02
6.766917293233082331e-02
6.754221388367730172e-02
6.754221388367730172e-02
6.754221388367730172e-02
6.754221388367730172e-02
6.754221388367730172e-02
6.741573033707864981e-02
6.741573033707864981e-02
6.741573033707864981e-02
6.741573033707864981e-02
6.741573033707864981e-02
6.728971962616822622e-02
6.728971962616822622e-02
6.728971962616822622e-02
6.728971962616822622e-02
6.728971962616822622e-02
6.716417910447761153e-02
6.716417910447761153e-02
6.716417910447761153e-02
6.716417910447761153e-02
6.716417910447761153e-02
6.703910614525140921e-02
6.703910614525140921e-02
6.703910614525140921e-02
6.703910614525140921e-02
6.703910614525140921e-02
6.691449814126394779e-02
6.691449814126394779e-02
6.691449814126394779e-02
6.691449814126394779e-02
6.691449814126394779e-02
6.679035250463821738e-02
6.679035250463821738e-02
6.679035250463821738e-02
6.679035250463821738e-02
6.679035250463821738e-02
6.666666666666667962e-02
6.666666666666667962e-02
6.666666666666667962e-02
6.666666666666667962e-02
6.666666666666667962e-02
6.654343807763402063e-02
7.763401109057302407e-02
7.763401109057302407e-02
7.763401109057302407e-02
7.763401109057302407e-02
7.749077490774908261e-02
7.749077490774908261e-02
7.749077490774908261e-02
7.749077490774908261e-02
7.749077490774908261e-02
7.734806629834255209e-02
7.734806629834255209e-02
7.734806629834255209e-02
7.734806629834255209e-02
7.734806629834255209e-02
7.720588235294117974e-02
7.720588235294117974e-02
7.720588235294117974e-02
7.720588235294117974e-02
7.720588235294117974e-02
7.706422018348624281e-02
7.706422018348624281e-02
7.706422018348624281e-02
7.706422018348624281e-02
7.706422018348624281e-02
7.692307692307692735e-02
7.692307692307692735e-02
7.692307692307692735e-02
7.692307692307692735e-02
7.692307692307692735e-02
7.678244972577696892e-02
7.678244972577696892e-02
6.581352833638025313e-02
6.581352833638025313e-02
6.581352833638025313e-02
6.569343065693430961e-02
6.569343065693430961e-02
6.569343065693430961e-02
6.569343065693430961e-02
6.569343065693430961e-02
6.557377049180328210e-02
6.557377049180328210e-02
6.557377049180328210e-02
6.557377049180328210e-02
6.557377049180328210e-02
6.545454545454545969e-02
6.545454545454545969e-02
6.545454545454545969e-02
6.545454545454545969e-02
6.545454545454545969e-02
6.533575317604356503e-02
6.533575317604356503e-02
6.533575317604356503e-02
6.533575317604356503e-02
6.533575317604356503e-02
6.521739130434782428e-02
6.521739130434782428e-02
6.521739130434782428e-02
6.521739130434782428e-02
6.521739130434782428e-02
6.509945750452079960e-02
6.509945750452079960e-02
6.509945750452079960e-02
6.509945750452079960e-02
6.509945750452079960e-02
6.498194945848376203e-02
6.498194945848376203e-02
6.498194945848376203e-02
6.498194945848376203e-02
6.498194945848376203e-02
6.486486486486486847e-02
6.486486486486486847e-02
6.486486486486486847e-02
6.486486486486486847e-02
6.486486486486486847e-02
6.474820143884893464e-02
6.474820143884893464e-02
6.474820143884893464e-02
6.474820143884893464e-02
6.474820143884893464e-02
6.463195691202873461e-02
6.463195691202873461e-02
6.463195691202873461e-02
6.463195691202873461e-02
6.463195691202873461e-02
6.451612903225807660e-02
6.451612903225807660e-02
7.526881720430107781e-02
7.526881720430107781e-02
7.526881720430107781e-02
7.513416815742397781e-02
7.513416815742397781e-02
7.513416815742397781e-02
7.513416815742397781e-02
7.513416815742397781e-02
7.500000000000001110e-02
7.500000000000001110e-02
7.500000000000001110e-02
7.500000000000001110e-02
7.500000000000001110e-02
7.486631016042781528e-02
7.486631016042781528e-02
7.486631016042781528e-02
7.486631016042781528e-02
7.486631016042781528e-02
7.473309608540926186e-02
7.473309608540926186e-02
7.473309608540926186e-02
7.473309608540926186e-02
7.473309608540926186e-02
7.460035523978686411e-02
7.460035523978686411e-02
7.460035523978686411e-02
7.460035523978686411e-02
7.460035523978686411e-02
7.446808510638298906e-02
7.446808510638298906e-02
7.446808510638298906e-02
7.446808510638298906e-02
7.446808510638298906e-02
7.433628318584070693e-02
7.433628318584070693e-02
7.433628318584070693e-02
7.433628318584070693e-02
7.433628318584070693e-02
7.420494699646643100e-02
7.420494699646643100e-02
7.420494699646643100e-02
7.420494699646643100e-02
7.420494699646643100e-02
7.407407407407406996e-02
7.407407407407406996e-02
7.407407407407406996e-02
7.407407407407406996e-02
7.407407407407406996e-02
7.394366197183098455e-02
7.394366197183098455e-02
7.394366197183098455e-02
7.394366197183098455e-02
6.338028169014084390e-02
6.326889279437609981e-02
6.326889279437609981e-02
6.326889279437609981e-02
6.326889279437609981e-02
6.326889279437609981e-02
6.315789473684210731e-02
6.315789473684210731e-02
6.315789473684210731e-02
6.315789473684210731e-02
6.315789473684210731e-02
6.304728546409807399e-02
6.304728546409807399e-02
6.304728546409807399e-02
6.304728546409807399e-02
6.304728546409807399e-02
6.293706293706294308e-02
6.293706293706294308e-02
6.293706293706294308e-02
6.293706293706294308e-02
6.293706293706294308e-02
6.282722513089006311e-02
6.282722513089006311e-02
6.282722513089006311e-02
6.282722513089006311e-02
6.282722513089006311e-02
6.271777003484321766e-02
6.271777003484321766e-02
6.271777003484321766e-02
6.271777003484321766e-02
6.271777003484321766e-02
6.260869565217391797e-02
6.260869565217391797e-02
6.260869565217391797e-02
7.304347826086957096e-02
7.304347826086957096e-02
7.291666666666667129e-02
7.291666666666667129e-02
7.291666666666667129e-02
7.291666666666667129e-02
7.291666666666667129e-02
7.279029462738302592e-02
7.279029462738302592e-02
7.279029462738302592e-02
7.279029462738302592e-02
7.279029462738302592e-02
7.266435986159169858e-02
7.266435986159169858e-02
7.266435986159169858e-02
7.266435986159169858e-02
7.266435986159169858e-02
7.253886010362695091e-02
7.253886010362695091e-02
7.253886010362695091e-02
7.253886010362695091e-02
7.253886010362695091e-02
7.241379310344828180e-02
7.241379310344828180e-02
7.241379310344828180e-02
7.241379310344828180e-02
7.241379310344828180e-02
7.228915662650603480e-02
7.228915662650603480e-02
7.228915662650603480e-02
7.228915662650603480e-02
7.228915662650603480e-02
7.216494845360825472e-02
7.216494845360825472e-02
7.216494845360825472e-02
7.216494845360825472e-02
7.216494845360825472e-02
7.204116638078902901e-02
7.204116638078902901e-02
7.204116638078902901e-02
7.204116638078902901e-02
7.204116638078902901e-02
7.191780821917807820e-02
7.191780821917807820e-02
7.191780821917807820e-02
7.191780821917807820e-02
7.191780821917807820e-02
7.179487179487180348e-02
7.179487179487180348e-02
7.179487179487180348e-02
7.179487179487180348e-02
7.179487179487180348e-02
7.167235494880547231e-02
7.167235494880547231e-02
7.167235494880547231e-02
7.167235494880547231e-02
7.167235494880547231e-02
7.155025553662693050e-02
7.155025553662693050e-02
7.155025553662693050e-02
7.155025553662693050e-02
7.155025553662693050e-02
7.142857142857142461e-02
7.142857142857142461e-02
7.142857142857142461e-02
7.142857142857142461e-02
7.142857142857142461e-02
7.130730050933786757e-02
7.130730050933786757e-02
7.130730050933786757e-02
7.130730050933786757e-02
7.130730050933786757e-02
7.118644067796610353e-02
7.118644067796610353e-02
6.101694915254236851e-02
6.101694915254236851e-02
6.101694915254236851e-02
6.091370558375634042e-02
6.091370558375634042e-02
6.091370558375634042e-02
6.091370558375634042e-02
6.091370558375634042e-02
6.081081081081081419e-02
6.081081081081081419e-02
6.081081081081081419e-02
6.081081081081081419e-02
7.094594594594595682e-02
7.082630691399663392e-02
7.082630691399663392e-02
7.082630691399663392e-02
7.082630691399663392e-02
7.082630691399663392e-02
7.070707070707071829e-02
7.070707070707071829e-02
7.070707070707071829e-02
7.070707070707071829e-02
7.070707070707071829e-02
7.058823529411764608e-02
7.058823529411764608e-02
7.058823529411764608e-02
7.058823529411764608e-02
7.058823529411764608e-02
7.046979865771813012e-02
7.046979865771813012e-02
7.046979865771813012e-02
7.046979865771813012e-02
7.046979865771813012e-02
7.035175879396984855e-02
7.035175879396984855e-02
7.035175879396984855e-02
7.035175879396984855e-02
7.035175879396984855e-02
7.023411371237457679e-02
7.023411371237457679e-02
7.023411371237457679e-02
7.023411371237457679e-02
7.023411371237457679e-02
7.011686143572622154e-02
7.011686143572622154e-02
7.011686143572622154e-02
7.011686143572622154e-02
7.011686143572622154e-02
7.000000000000000666e-02
7.000000000000000666e-02
7.000000000000000666e-02
7.000000000000000666e-02
7.000000000000000666e-02
6.988352745424293577e-02
6.988352745424293577e-02
6.988352745424293577e-02
6.988352745424293577e-02
6.988352745424293577e-02
6.976744186046511531e-02
6.976744186046511531e-02
6.976744186046511531e-02
6.976744186046511531e-02
6.976744186046511531e-02
6.965174129353234045e-02
6.965174129353234045e-02
6.965174129353234045e-02
6.965174129353234045e-02
6.965174129353234045e-02
6.953642384105961083e-02
6.953642384105961083e-02
6.953642384105961083e-02
6.953642384105961083e-02
6.953642384105961083e-02
6.942148760330578428e-02
6.942148760330578428e-02
6.942148760330578428e-02
6.942148760330578428e-02
6.942148760330578428e-02
6.930693069306931298e-02
6.930693069306931298e-02
6.930693069306931298e-02
6.930693069306931298e-02
6.930693069306931298e-02
6.919275123558485396e-02
6.919275123558485396e-02
6.919275123558485396e-02
6.919275123558485396e-02
6.919275123558485396e-02
6.907894736842105921e-02
6.907894736842105921e-02
6.907894736842105921e-02
6.907894736842105921e-02
6.907894736842105921e-02
6.896551724137930939e-02
6.896551724137930939e-02
6.896551724137930939e-02
6.896551724137930939e-02
6.896551724137930939e-02
7.868852459016394130e-02
7.868852459016394130e-02
7.868852459016394130e-02
7.868852459016394130e-02
7.868852459016394130e-02
7.855973813420623342e-02
7.855973813420623342e-02
7.855973813420623342e-02
7.855973813420623342e-02
6.873977086743043863e-02
6.862745098039216285e-02
6.862745098039216285e-02
6.862745098039216285e-02
6.862745098039216285e-02
6.862745098039216285e-02
6.851549755301795941e-02
6.851549755301795941e-02
6.851549755301795941e-02
6.851549755301795941e-02
6.851549755301795941e-02
6.840390879478827624e-02
6.840390879478827624e-02
6.840390879478827624e-02
6.840390879478827624e-02
6.840390879478827624e-02
6.829268292682927344e-02
6.829268292682927344e-02
6.829268292682927344e-02
6.829268292682927344e-02
6.829268292682927344e-02
6.818181818181819065e-02
6.818181818181819065e-02
6.818181818181819065e-02
6.818181818181819065e-02
6.818181818181819065e-02
6.807131280388979688e-02
6.807131280388979688e-02
6.807131280388979688e-02
6.807131280388979688e-02
6.807131280388979688e-02
6.796116504854370077e-02
6.796116504854370077e-02
6.796116504854370077e-02
6.796116504854370077e-02
6.796116504854370077e-02
6.785137318255250738e-02
6.785137318255250738e-02
6.785137318255250738e-02
6.785137318255250738e-02
6.785137318255250738e-02
6.774193548387097419e-02
6.774193548387097419e-02
6.774193548387097419e-02
6.774193548387097419e-02
6.774193548387097419e-02
6.763285024154590264e-02
6.763285024154590264e-02
6.763285024154590264e-02
6.763285024154590264e-02
6.763285024154590264e-02
6.752411575562701496e-02
6.752411575562701496e-02
6.752411575562701496e-02
6.752411575562701496e-02
6.752411575562701496e-02
6.741573033707864981e-02
6.741573033707864981e-02
6.741573033707864981e-02
6.741573033707864981e-02
6.741573033707864981e-02
6.730769230769231837e-02
6.730769230769231837e-02
6.730769230769231837e-02
6.730769230769231837e-02
6.730769230769231837e-02
6.720000000000000973e-02
6.720000000000000973e-02
6.720000000000000973e-02
6.720000000000000973e-02
6.720000000000000973e-02
6.709265175718849561e-02
6.709265175718849561e-02
6.709265175718849561e-02
6.709265175718849561e-02
6.709265175718849561e-02
6.698564593301435666e-02
7.655502392344498697e-02
7.655502392344498697e-02
7.655502392344498697e-02
7.655502392344498697e-02
7.643312101910829104e-02
7.643312101910829104e-02
7.643312101910829104e-02
7.643312101910829104e-02
7.643312101910829104e-02
7.631160572337043757e-02
7.631160572337043757e-02
7.631160572337043757e-02
7.631160572337043757e-02
7.631160572337043757e-02
7.619047619047619735e-02
7.619047619047619735e-02
7.619047619047619735e-02
7.619047619047619735e-02
7.619047619047619735e-02
7.606973058637084284e-02
7.606973058637084284e-02
7.606973058637084284e-02
7.606973058637084284e-02
7.606973058637084284e-02
7.594936708860759722e-02
7.594936708860759722e-02
7.594936708860759722e-02
7.594936708860759722e-02
7.594936708860759722e-02
7.582938388625592996e-02
7.582938388625592996e-02
6.635071090047393871e-02
6.635071090047393871e-02
6.635071090047393871e-02
6.624605678233438932e-02
6.624605678233438932e-02
6.624605678233438932e-02
6.624605678233438932e-02
6.624605678233438932e-02
6.614173228346456601e-02
6.614173228346456601e-02
6.614173228346456601e-02
6.614173228346456601e-02
6.614173228346456601e-02
6.603773584905660299e-02
6.603773584905660299e-02
6.603773584905660299e-02
6.603773584905660299e-02
6.603773584905660299e-02
6.593406593406594962e-02
6.593406593406594962e-02
6.593406593406594962e-02
6.593406593406594962e-02
6.593406593406594962e-02
6.583072100313480668e-02
6.583072100313480668e-02
6.583072100313480668e-02
6.583072100313480668e-02
6.583072100313480668e-02
6.572769953051643688e-02
6.572769953051643688e-02
6.572769953051643688e-02
6.572769953051643688e-02
6.572769953051643688e-02
6.562500000000000278e-02
6.562500000000000278e-02
6.562500000000000278e-02
6.562500000000000278e-02
6.562500000000000278e-02
6.552262090483619572e-02
6.552262090483619572e-02
6.552262090483619572e-02
6.552262090483619572e-02
6.552262090483619572e-02
6.542056074766355867e-02
6.542056074766355867e-02
6.542056074766355867e-02
6.542056074766355867e-02
6.542056074766355867e-02
6.531881804043546125e-02
6.531881804043546125e-02
6.531881804043546125e-02
6.531881804043546125e-02
6.531881804043546125e-02
6.521739130434782428e-02
6.521739130434782428e-02
7.453416149068323171e-02
7.453416149068323171e-02
7.453416149068323171e-02
7.441860465116278966e-02
7.441860465116278966e-02
7.441860465116278966e-02
7.441860465116278966e-02
7.441860465116278966e-02
7.430340557275542934e-02
7.430340557275542934e-02
7.430340557275542934e-02
7.430340557275542934e-02
7.430340557275542934e-02
7.418856259659969976e-02
7.418856259659969976e-02
7.418856259659969976e-02
7.418856259659969976e-02
7.418856259659969976e-02
7.407407407407406996e-02
7.407407407407406996e-02
7.407407407407406996e-02
7.407407407407406996e-02
7.407407407407406996e-02
7.395993836671803379e-02
7.395993836671803379e-02
7.395993836671803379e-02
7.395993836671803379e-02
7.395993836671803379e-02
7.384615384615385303e-02
7.384615384615385303e-02
7.384615384615385303e-02
7.384615384615385303e-02
7.384615384615385303e-02
7.373271889400921653e-02
7.373271889400921653e-02
7.373271889400921653e-02
7.373271889400921653e-02
7.373271889400921653e-02
7.361963190184049599e-02
7.361963190184049599e-02
7.361963190184049599e-02
7.361963190184049599e-02
7.361963190184049599e-02
7.350689127105666798e-02
7.350689127105666798e-02
7.350689127105666798e-02
7.350689127105666798e-02
7.350689127105666798e-02
7.339449541284404077e-02
7.339449541284404077e-02
7.339449541284404077e-02
7.339449541284404077e-02
6.422018348623853568e-02
6.412213740458015676e-02
6.412213740458015676e-02
6.412213740458015676e-02
6.412213740458015676e-02
6.412213740458015676e-02
6.402439024390245426e-02
6.402439024390245426e-02
6.402439024390245426e-02
6.402439024390245426e-02
6.402439024390245426e-02
6.392694063926940284e-02
6.392694063926940284e-02
6.392694063926940284e-02
6.392694063926940284e-02
6.392694063926940284e-02
6.382978723404256205e-02
6.382978723404256205e-02
6.382978723404256205e-02
6.382978723404256205e-02
6.382978723404256205e-02
6.373292867981791843e-02
6.373292867981791843e-02
6.373292867981791843e-02
6.373292867981791843e-02
6.373292867981791843e-02
6.363636363636364368e-02
6.363636363636364368e-02
6.363636363636364368e-02
6.363636363636364368e-02
6.363636363636364368e-02
6.354009077155824137e-02
6.354009077155824137e-02
6.354009077155824137e-02
7.261724659606656751e-02
7.261724659606656751e-02
7.250755287009064132e-02
7.250755287009064132e-02
7.250755287009064132e-02
7.250755287009064132e-02
7.250755287009064132e-02
7.239819004524887525e-02
7.239819004524887525e-02
7.239819004524887525e-02
7.239819004524887525e-02
7.239819004524887525e-02
7.228915662650603480e-02
7.228915662650603480e-02
7.228915662650603480e-02
7.228915662650603480e-02
7.228915662650603480e-02
7.218045112781955319e-02
7.218045112781955319e-02
7.218045112781955319e-02
7.218045112781955319e-02
7.218045112781955319e-02
7.207207207207207145e-02
7.207207207207207145e-02
7.207207207207207145e-02
7.207207207207207145e-02
7.207207207207207145e-02
7.196401799100450580e-02
7.196401799100450580e-02
7.196401799100450580e-02
7.196401799100450580e-02
7.196401799100450580e-02
7.185628742514971190e-02
7.185628742514971190e-02
7.185628742514971190e-02
7.185628742514971190e-02
7.185628742514971190e-02
7.174887892376682896e-02
7.174887892376682896e-02
7.174887892376682896e-02
7.174887892376682896e-02
7.174887892376682896e-02
7.164179104477612359e-02
7.164179104477612359e-02
7.164179104477612359e-02
7.164179104477612359e-02
7.164179104477612359e-02
7.153502235469448578e-02
7.153502235469448578e-02
7.153502235469448578e-02
7.153502235469448578e-02
7.153502235469448578e-02
7.142857142857142461e-02
7.142857142857142461e-02
7.142857142857142461e-02
7.142857142857142461e-02
7.142857142857142461e-02
7.132243684992570221e-02
7.132243684992570221e-02
7.132243684992570221e-02
7.132243684992570221e-02
7.132243684992570221e-02
7.121661721068249518e-02
7.121661721068249518e-02
7.121661721068249518e-02
7.121661721068249518e-02
7.121661721068249518e-02
7.111111111111111105e-02
7.111111111111111105e-02
7.111111111111111105e-02
7.111111111111111105e-02
7.111111111111111105e-02
7.100591715976331542e-02
7.100591715976331542e-02
6.213017751479290446e-02
6.213017751479290446e-02
6.213017751479290446e-02
6.203840472673560064e-02
6.203840472673560064e-02
6.203840472673560064e-02
6.203840472673560064e-02
6.203840472673560064e-02
6.194690265486725578e-02
6.194690265486725578e-02
6.194690265486725578e-02
6.194690265486725578e-02
7.079646017699114946e-02
7.069219440353460837e-02
7.069219440353460837e-02
7.069219440353460837e-02
7.069219440353460837e-02
7.069219440353460837e-02
7.058823529411764608e-02
7.058823529411764608e-02
7.058823529411764608e-02
7.058823529411764608e-02
7.058823529411764608e-02
7.048458149779736337e-02
7.048458149779736337e-02
7.048458149779736337e-02
7.048458149779736337e-02
7.048458149779736337e-02
7.038123167155425908e-02
7.038123167155425908e-02
7.038123167155425908e-02
7.038123167155425908e-02
7.038123167155425908e-02
7.027818448023426257e-02
7.027818448023426257e-02
7.027818448023426257e-02
7.027818448023426257e-02
7.027818448023426257e-02
7.017543859649122417e-02
7.017543859649122417e-02
7.017543859649122417e-02
7.017543859649122417e-02
7.017543859649122417e-02
7.007299270072993302e-02
7.007299270072993302e-02
7.007299270072993302e-02
7.007299270072993302e-02
7.007299270072993302e-02
6.997084548104956503e-02
6.997084548104956503e-02
6.997084548104956503e-02
6.997084548104956503e-02
6.997084548104956503e-02
6.986899563318778317e-02
6.986899563318778317e-02
6.986899563318778317e-02
6.986899563318778317e-02
6.986899563318778317e-02
6.976744186046511531e-02
6.976744186046511531e-02
6.976744186046511531e-02
6.976744186046511531e-02
6.976744186046511531e-02
6.966618287373005369e-02
6.966618287373005369e-02
6.966618287373005369e-02
6.966618287373005369e-02
6.966618287373005369e-02
6.956521739130434867e-02
6.956521739130434867e-02
6.956521739130434867e-02
6.956521739130434867e-02
6.956521739130434867e-02
6.946454413892909352e-02
6.946454413892909352e-02
6.946454413892909352e-02
6.946454413892909352e-02
6.946454413892909352e-02
6.936416184971098964e-02
6.936416184971098964e-02
6.936416184971098964e-02
6.936416184971098964e-02
6.936416184971098964e-02
6.926406926406926401e-02
6.926406926406926401e-02
6.926406926406926401e-02
6.926406926406926401e-02
6.926406926406926401e-02
6.916426512968300300e-02
6.916426512968300300e-02
6.916426512968300300e-02
6.916426512968300300e-02
6.916426512968300300e-02
6.906474820143886084e-02
6.906474820143886084e-02
6.906474820143886084e-02
6.906474820143886084e-02
6.906474820143886084e-02
7.758620689655172653e-02
7.758620689655172653e-02
7.758620689655172653e-02
7.758620689655172653e-02
7.758620689655172653e-02
7.747489239598279176e-02
7.747489239598279176e-02
7.747489239598279176e-02
7.747489239598279176e-02
6.886657101865137354e-02
6.876790830945558874e-02
6.876790830945558874e-02
6.876790830945558874e-02
6.876790830945558874e-02
6.876790830945558874e-02
6.866952789699570792e-02
6.866952789699570792e-02
6.866952789699570792e-02
6.866952789699570792e-02
6.866952789699570792e-02
6.857142857142857484e-02
6.857142857142857484e-02
6.857142857142857484e-02
6.857142857142857484e-02
6.857142857142857484e-02
6.847360912981455272e-02
6.847360912981455272e-02
6.847360912981455272e-02
6.847360912981455272e-02
6.847360912981455272e-02
6.837606837606838295e-02
6.837606837606838295e-02
6.837606837606838295e-02
6.837606837606838295e-02
6.837606837606838295e-02
6.827880512091039078e-02
6.827880512091039078e-02
6.827880512091039078e-02
6.827880512091039078e-02
6.827880512091039078e-02
6.818181818181819065e-02
6.818181818181819065e-02
6.818181818181819065e-02
6.818181818181819065e-02
6.818181818181819065e-02
6.808510638297873840e-02
6.808510638297873840e-02
6.808510638297873840e-02
6.808510638297873840e-02
6.808510638297873840e-02
6.798866855524079988e-02
6.798866855524079988e-02
6.798866855524079988e-02
6.798866855524079988e-02
6.798866855524079988e-02
6.789250353606790522e-02
6.789250353606790522e-02
6.789250353606790522e-02
6.789250353606790522e-02
6.789250353606790522e-02
6.779661016949152519e-02
6.779661016949152519e-02
6.779661016949152519e-02
6.779661016949152519e-02
6.779661016949152519e-02
6.770098730606488591e-02
6.770098730606488591e-02
6.770098730606488591e-02
6.770098730606488591e-02
6.770098730606488591e-02
6.760563380281690848e-02
6.760563380281690848e-02
6.760563380281690848e-02
6.760563380281690848e-02
6.760563380281690848e-02
6.751054852320675925e-02
6.751054852320675925e-02
6.751054852320675925e-02
6.751054852320675925e-02
6.751054852320675925e-02
6.741573033707864981e-02
6.741573033707864981e-02
6.741573033707864981e-02
6.741573033707864981e-02
6.741573033707864981e-02
6.732117812061710893e-02
7.573632538569424755e-02
7.573632538569424755e-02
7.573632538569424755e-02
7.573632538569424755e-02
7.563025210084034500e-02
7.563025210084034500e-02
7.563025210084034500e-02
7.563025210084034500e-02
7.563025210084034500e-02
7.552447552447554002e-02
7.552447552447554002e-02
7.552447552447554002e-02
7.552447552447554002e-02
7.552447552447554002e-02
7.541899441340782495e-02
7.541899441340782495e-02
7.541899441340782495e-02
7.541899441340782495e-02
7.541899441340782495e-02
7.531380753138075534e-02
7.531380753138075534e-02
7.531380753138075534e-02
7.531380753138075534e-02
7.531380753138075534e-02
7.520891364902507203e-02
7.520891364902507203e-02
7.520891364902507203e-02
7.520891364902507203e-02
7.520891364902507203e-02
7.510431154381085050e-02
7.510431154381085050e-02
6.675938803894297668e-02
6.675938803894297668e-02
6.675938803894297668e-02
