3.500000000000000000e+00
3.669999999999999929e+00
3.830000000000000071e+00
4.000000000000000000e+00
4.169999999999999929e+00
4.330000000000000071e+00
4.500000000000000000e+00
4.669999999999999929e+00
4.830000000000000071e+00
5.000000000000000000e+00
5.169999999999999929e+00
5.330000000000000071e+00
5.500000000000000000e+00
5.669999999999999929e+00
5.830000000000000071e+00
6.000000000000000000e+00
6.169999999999999929e+00
6.330000000000000071e+00
6.500000000000000000e+00
6.669999999999999929e+00
6.830000000000000071e+00
7.000000000000000000e+00
7.169999999999999929e+00
7.330000000000000071e+00
7.500000000000000000e+00
7.669999999999999929e+00
7.830000000000000071e+00
8.000000000000000000e+00
8.169999999999999929e+00
8.330000000000000071e+00
8.500000000000000000e+00
8.669999999999999929e+00
8.830000000000000071e+00
9.000000000000000000e+00
9.169999999999999929e+00
9.330000000000000071e+00
9.500000000000000000e+00
9.669999999999999929e+00
9.830000000000000071e+00
1.000000000000000000e+01
1.016999999999999993e+01
1.033000000000000007e+01
1.050000000000000000e+01
1.066999999999999993e+01
1.083000000000000007e+01
1.100000000000000000e+01
1.116999999999999993e+01
1.133000000000000007e+01
1.150000000000000000e+01
1.166999999999999993e+01
1.183000000000000007e+01
1.200000000000000000e+01
1.216999999999999993e+01
1.233000000000000007e+01
1.250000000000000000e+01
1.266999999999999993e+01
1.283000000000000007e+01
1.300000000000000000e+01
1.316999999999999993e+01
1.333000000000000007e+01
1.350000000000000000e+01
1.366999999999999993e+01
1.383000000000000007e+01
1.400000000000000000e+01
1.416999999999999993e+01
1.433000000000000007e+01
1.450000000000000000e+01
1.466999999999999993e+01
1.483000000000000007e+01
1.500000000000000000e+01
1.516999999999999993e+01
1.533000000000000007e+01
1.550000000000000000e+01
1.566999999999999993e+01
1.583000000000000007e+01
1.600000000000000000e+01
1.617000000000000171e+01
1.632999999999999829e+01
1.650000000000000000e+01
1.667000000000000171e+01
1.682999999999999829e+01
1.700000000000000000e+01
1.717000000000000171e+01
1.732999999999999829e+01
1.750000000000000000e+01
1.767000000000000171e+01
1.782999999999999829e+01
1.800000000000000000e+01
1.817000000000000171e+01
1.832999999999999829e+01
1.850000000000000000e+01
1.867000000000000171e+01
1.882999999999999829e+01
1.900000000000000000e+01
1.917000000000000171e+01
1.932999999999999829e+01
1.950000000000000000e+01
1.967000000000000171e+01
1.982999999999999829e+01
2.000000000000000000e+01
2.017000000000000171e+01
2.032999999999999829e+01
2.050000000000000000e+01
2.067000000000000171e+01
2.082999999999999829e+01
2.100000000000000000e+01
2.117000000000000171e+01
2.132999999999999829e+01
2.150000000000000000e+01
2.167000000000000171e+01
2.182999999999999829e+01
2.200000000000000000e+01
2.217000000000000171e+01
2.232999999999999829e+01
2.250000000000000000e+01
2.267000000000000171e+01
2.282999999999999829e+01
2.300000000000000000e+01
2.317000000000000171e+01
2.332999999999999829e+01
2.350000000000000000e+01
2.367000000000000171e+01
2.382999999999999829e+01
2.400000000000000000e+01
2.417000000000000171e+01
2.432999999999999829e+01
2.450000000000000000e+01
2.467000000000000171e+01
2.482999999999999829e+01
2.500000000000000000e+01
2.517000000000000171e+01
2.532999999999999829e+01
2.550000000000000000e+01
2.567000000000000171e+01
2.582999999999999829e+01
2.600000000000000000e+01
2.617000000000000171e+01
2.632999999999999829e+01
2.650000000000000000e+01
2.667000000000000171e+01
2.682999999999999829e+01
2.700000000000000000e+01
2.717000000000000171e+01
2.732999999999999829e+01
2.750000000000000000e+01
2.767000000000000171e+01
2.782999999999999829e+01
2.800000000000000000e+01
2.817000000000000171e+01
2.832999999999999829e+01
2.850000000000000000e+01
2.867000000000000171e+01
2.882999999999999829e+01
2.900000000000000000e+01
2.917000000000000171e+01
2.932999999999999829e+01
2.950000000000000000e+01
2.967000000000000171e+01
2.982999999999999829e+01
3.000000000000000000e+01
3.017000000000000171e+01
3.032999999999999829e+01
3.050000000000000000e+01
3.067000000000000171e+01
3.082999999999999829e+01
3.100000000000000000e+01
3.117000000000000171e+01
3.132999999999999829e+01
3.150000000000000000e+01
3.167000000000000171e+01
3.182999999999999829e+01
3.200000000000000000e+01
3.217000000000000171e+01
3.232999999999999829e+01
3.250000000000000000e+01
3.267000000000000171e+01
3.282999999999999829e+01
3.300000000000000000e+01
3.317000000000000171e+01
3.332999999999999829e+01
3.350000000000000000e+01
3.367000000000000171e+01
3.382999999999999829e+01
3.400000000000000000e+01
3.417000000000000171e+01
3.432999999999999829e+01
3.450000000000000000e+01
3.467000000000000171e+01
3.482999999999999829e+01
3.500000000000000000e+01
3.517000000000000171e+01
3.532999999999999829e+01
3.550000000000000000e+01
3.567000000000000171e+01
3.582999999999999829e+01
3.600000000000000000e+01
3.617000000000000171e+01
3.632999999999999829e+01
3.650000000000000000e+01
3.667000000000000171e+01
3.682999999999999829e+01
3.700000000000000000e+01
3.717000000000000171e+01
3.732999999999999829e+01
3.750000000000000000e+01
3.767000000000000171e+01
3.782999999999999829e+01
3.800000000000000000e+01
3.817000000000000171e+01
3.832999999999999829e+01
3.850000000000000000e+01
3.867000000000000171e+01
3.882999999999999829e+01
3.900000000000000000e+01
3.917000000000000171e+01
3.932999999999999829e+01
3.950000000000000000e+01
3.967000000000000171e+01
3.982999999999999829e+01
4.000000000000000000e+01
4.017000000000000171e+01
4.032999999999999829e+01
4.050000000000000000e+01
4.067000000000000171e+01
4.082999999999999829e+01
4.100000000000000000e+01
4.117000000000000171e+01
4.132999999999999829e+01
4.150000000000000000e+01
4.167000000000000171e+01
4.182999999999999829e+01
4.200000000000000000e+01
4.217000000000000171e+01
4.232999999999999829e+01
4.250000000000000000e+01
4.267000000000000171e+01
4.282999999999999829e+01
4.300000000000000000e+01
4.317000000000000171e+01
4.332999999999999829e+01
4.350000000000000000e+01
4.367000000000000171e+01
4.382999999999999829e+01
4.400000000000000000e+01
4.417000000000000171e+01
4.432999999999999829e+01
4.450000000000000000e+01
4.467000000000000171e+01
4.482999999999999829e+01
4.500000000000000000e+01
4.517000000000000171e+01
4.532999999999999829e+01
4.550000000000000000e+01
4.567000000000000171e+01
4.582999999999999829e+01
4.600000000000000000e+01
4.617000000000000171e+01
4.632999999999999829e+01
4.650000000000000000e+01
4.667000000000000171e+01
4.682999999999999829e+01
4.700000000000000000e+01
4.717000000000000171e+01
4.732999999999999829e+01
4.750000000000000000e+01
4.767000000000000171e+01
4.782999999999999829e+01
4.800000000000000000e+01
4.817000000000000171e+01
4.832999999999999829e+01
4.850000000000000000e+01
4.867000000000000171e+01
4.882999999999999829e+01
4.900000000000000000e+01
4.917000000000000171e+01
4.932999999999999829e+01
4.950000000000000000e+01
4.967000000000000171e+01
4.982999999999999829e+01
5.000000000000000000e+01
5.017000000000000171e+01
5.032999999999999829e+01
5.050000000000000000e+01
5.067000000000000171e+01
5.082999999999999829e+01
5.100000000000000000e+01
5.117000000000000171e+01
5.132999999999999829e+01
5.150000000000000000e+01
5.167000000000000171e+01
5.182999999999999829e+01
5.200000000000000000e+01
5.217000000000000171e+01
5.232999999999999829e+01
5.250000000000000000e+01
5.267000000000000171e+01
5.282999999999999829e+01
5.300000000000000000e+01
5.317000000000000171e+01
5.332999999999999829e+01
5.350000000000000000e+01
5.367000000000000171e+01
5.382999999999999829e+01
5.400000000000000000e+01
5.417000000000000171e+01
5.432999999999999829e+01
5.450000000000000000e+01
5.467000000000000171e+01
5.482999999999999829e+01
5.500000000000000000e+01
5.517000000000000171e+01
5.532999999999999829e+01
5.550000000000000000e+01
5.567000000000000171e+01
5.582999999999999829e+01
5.600000000000000000e+01
5.617000000000000171e+01
5.632999999999999829e+01
5.650000000000000000e+01
5.667000000000000171e+01
5.682999999999999829e+01
5.700000000000000000e+01
5.717000000000000171e+01
5.732999999999999829e+01
5.750000000000000000e+01
5.767000000000000171e+01
5.782999999999999829e+01
5.800000000000000000e+01
5.817000000000000171e+01
5.832999999999999829e+01
5.850000000000000000e+01
5.867000000000000171e+01
5.882999999999999829e+01
5.900000000000000000e+01
5.917000000000000171e+01
5.932999999999999829e+01
5.950000000000000000e+01
5.967000000000000171e+01
5.982999999999999829e+01
6.000000000000000000e+01
6.017000000000000171e+01
6.032999999999999829e+01
6.050000000000000000e+01
6.067000000000000171e+01
6.082999999999999829e+01
6.100000000000000000e+01
6.117000000000000171e+01
6.132999999999999829e+01
6.150000000000000000e+01
6.167000000000000171e+01
6.182999999999999829e+01
6.200000000000000000e+01
6.217000000000000171e+01
6.232999999999999829e+01
6.250000000000000000e+01
6.267000000000000171e+01
6.282999999999999829e+01
6.300000000000000000e+01
6.317000000000000171e+01
6.332999999999999829e+01
6.350000000000000000e+01
6.367000000000000171e+01
6.382999999999999829e+01
6.400000000000000000e+01
6.417000000000000171e+01
6.432999999999999829e+01
6.450000000000000000e+01
6.467000000000000171e+01
6.482999999999999829e+01
6.500000000000000000e+01
6.517000000000000171e+01
6.532999999999999829e+01
6.550000000000000000e+01
6.567000000000000171e+01
6.582999999999999829e+01
6.600000000000000000e+01
6.617000000000000171e+01
6.632999999999999829e+01
6.650000000000000000e+01
6.667000000000000171e+01
6.682999999999999829e+01
6.700000000000000000e+01
6.717000000000000171e+01
6.732999999999999829e+01
6.750000000000000000e+01
6.767000000000000171e+01
6.782999999999999829e+01
6.800000000000000000e+01
6.817000000000000171e+01
6.832999999999999829e+01
6.850000000000000000e+01
6.867000000000000171e+01
6.882999999999999829e+01
6.900000000000000000e+01
6.917000000000000171e+01
6.932999999999999829e+01
6.950000000000000000e+01
6.967000000000000171e+01
6.982999999999999829e+01
7.000000000000000000e+01
7.017000000000000171e+01
7.032999999999999829e+01
7.050000000000000000e+01
7.067000000000000171e+01
7.082999999999999829e+01
7.100000000000000000e+01
7.117000000000000171e+01
7.132999999999999829e+01
7.150000000000000000e+01
7.167000000000000171e+01
7.182999999999999829e+01
7.200000000000000000e+01
7.217000000000000171e+01
7.232999999999999829e+01
7.250000000000000000e+01
7.267000000000000171e+01
7.282999999999999829e+01
7.300000000000000000e+01
7.317000000000000171e+01
7.332999999999999829e+01
7.350000000000000000e+01
7.367000000000000171e+01
7.382999999999999829e+01
7.400000000000000000e+01
7.417000000000000171e+01
7.432999999999999829e+01
7.450000000000000000e+01
7.467000000000000171e+01
7.482999999999999829e+01
7.500000000000000000e+01
7.517000000000000171e+01
7.532999999999999829e+01
7.550000000000000000e+01
7.567000000000000171e+01
7.582999999999999829e+01
7.600000000000000000e+01
7.617000000000000171e+01
7.632999999999999829e+01
7.650000000000000000e+01
7.667000000000000171e+01
7.682999999999999829e+01
7.700000000000000000e+01
7.717000000000000171e+01
7.732999999999999829e+01
7.750000000000000000e+01
7.767000000000000171e+01
7.782999999999999829e+01
7.800000000000000000e+01
7.817000000000000171e+01
7.832999999999999829e+01
7.850000000000000000e+01
7.867000000000000171e+01
7.882999999999999829e+01
7.900000000000000000e+01
7.917000000000000171e+01
7.932999999999999829e+01
7.950000000000000000e+01
7.967000000000000171e+01
7.982999999999999829e+01
8.000000000000000000e+01
8.017000000000000171e+01
8.032999999999999829e+01
8.050000000000000000e+01
8.067000000000000171e+01
8.082999999999999829e+01
8.100000000000000000e+01
8.117000000000000171e+01
8.132999999999999829e+01
8.150000000000000000e+01
8.167000000000000171e+01
8.182999999999999829e+01
8.200000000000000000e+01
8.217000000000000171e+01
8.232999999999999829e+01
8.250000000000000000e+01
8.267000000000000171e+01
8.282999999999999829e+01
8.300000000000000000e+01
8.317000000000000171e+01
8.332999999999999829e+01
8.350000000000000000e+01
8.367000000000000171e+01
8.382999999999999829e+01
8.400000000000000000e+01
8.417000000000000171e+01
8.432999999999999829e+01
8.450000000000000000e+01
8.467000000000000171e+01
8.482999999999999829e+01
8.500000000000000000e+01
8.517000000000000171e+01
8.532999999999999829e+01
8.550000000000000000e+01
8.567000000000000171e+01
8.582999999999999829e+01
8.600000000000000000e+01
8.617000000000000171e+01
8.632999999999999829e+01
8.650000000000000000e+01
8.667000000000000171e+01
8.682999999999999829e+01
8.700000000000000000e+01
8.717000000000000171e+01
8.732999999999999829e+01
8.750000000000000000e+01
8.767000000000000171e+01
8.782999999999999829e+01
8.800000000000000000e+01
8.817000000000000171e+01
8.832999999999999829e+01
8.850000000000000000e+01
8.867000000000000171e+01
8.882999999999999829e+01
8.900000000000000000e+01
8.917000000000000171e+01
8.932999999999999829e+01
8.950000000000000000e+01
8.967000000000000171e+01
8.982999999999999829e+01
9.000000000000000000e+01
9.017000000000000171e+01
9.032999999999999829e+01
9.050000000000000000e+01
9.067000000000000171e+01
9.082999999999999829e+01
9.100000000000000000e+01
9.117000000000000171e+01
9.132999999999999829e+01
9.150000000000000000e+01
9.167000000000000171e+01
9.182999999999999829e+01
9.200000000000000000e+01
9.217000000000000171e+01
9.232999999999999829e+01
9.250000000000000000e+01
9.267000000000000171e+01
9.282999999999999829e+01
9.300000000000000000e+01
9.317000000000000171e+01
9.332999999999999829e+01
9.350000000000000000e+01
9.367000000000000171e+01
9.382999999999999829e+01
9.400000000000000000e+01
9.417000000000000171e+01
9.432999999999999829e+01
9.450000000000000000e+01
9.467000000000000171e+01
9.482999999999999829e+01
9.500000000000000000e+01
9.517000000000000171e+01
9.532999999999999829e+01
9.550000000000000000e+01
9.567000000000000171e+01
9.582999999999999829e+01
9.600000000000000000e+01
9.617000000000000171e+01
9.632999999999999829e+01
9.650000000000000000e+01
9.667000000000000171e+01
9.682999999999999829e+01
9.700000000000000000e+01
9.717000000000000171e+01
9.732999999999999829e+01
9.750000000000000000e+01
9.767000000000000171e+01
9.782999999999999829e+01
9.800000000000000000e+01
9.817000000000000171e+01
9.832999999999999829e+01
9.850000000000000000e+01
9.867000000000000171e+01
9.882999999999999829e+01
9.900000000000000000e+01
9.917000000000000171e+01
9.932999999999999829e+01
9.950000000000000000e+01
9.967000000000000171e+01
9.982999999999999829e+01
1.000000000000000000e+02
1.001700000000000017e+02
1.003299999999999983e+02
1.005000000000000000e+02
1.006700000000000017e+02
1.008299999999999983e+02
1.010000000000000000e+02
1.011700000000000017e+02
1.013299999999999983e+02
1.015000000000000000e+02
1.016700000000000017e+02
1.018299999999999983e+02
1.020000000000000000e+02
1.021700000000000017e+02
1.023299999999999983e+02
1.025000000000000000e+02
1.026700000000000017e+02
1.028299999999999983e+02
1.030000000000000000e+02
1.031700000000000017e+02
1.033299999999999983e+02
1.035000000000000000e+02
1.036700000000000017e+02
1.038299999999999983e+02
1.040000000000000000e+02
1.041700000000000017e+02
1.043299999999999983e+02
1.045000000000000000e+02
1.046700000000000017e+02
1.048299999999999983e+02
1.050000000000000000e+02
1.051700000000000017e+02
1.053299999999999983e+02
1.055000000000000000e+02
1.056700000000000017e+02
1.058299999999999983e+02
1.060000000000000000e+02
1.061700000000000017e+02
1.063299999999999983e+02
1.065000000000000000e+02
1.066700000000000017e+02
1.068299999999999983e+02
1.070000000000000000e+02
1.071700000000000017e+02
1.073299999999999983e+02
1.075000000000000000e+02
1.076700000000000017e+02
1.078299999999999983e+02
1.080000000000000000e+02
1.081700000000000017e+02
1.083299999999999983e+02
1.085000000000000000e+02
1.086700000000000017e+02
1.088299999999999983e+02
1.090000000000000000e+02
1.091700000000000017e+02
1.093299999999999983e+02
1.095000000000000000e+02
1.096700000000000017e+02
1.098299999999999983e+02
1.100000000000000000e+02
1.101700000000000017e+02
1.103299999999999983e+02
1.105000000000000000e+02
1.106700000000000017e+02
1.108299999999999983e+02
1.110000000000000000e+02
1.111700000000000017e+02
1.113299999999999983e+02
1.115000000000000000e+02
1.116700000000000017e+02
1.118299999999999983e+02
1.120000000000000000e+02
1.121700000000000017e+02
1.123299999999999983e+02
1.125000000000000000e+02
1.126700000000000017e+02
1.128299999999999983e+02
1.130000000000000000e+02
1.131700000000000017e+02
1.133299999999999983e+02
1.135000000000000000e+02
1.136700000000000017e+02
1.138299999999999983e+02
1.140000000000000000e+02
1.141700000000000017e+02
1.143299999999999983e+02
1.145000000000000000e+02
1.146700000000000017e+02
1.148299999999999983e+02
1.150000000000000000e+02
1.151700000000000017e+02
1.153299999999999983e+02
1.155000000000000000e+02
1.156700000000000017e+02
1.158299999999999983e+02
1.160000000000000000e+02
1.161700000000000017e+02
1.163299999999999983e+02
1.165000000000000000e+02
1.166700000000000017e+02
1.168299999999999983e+02
1.170000000000000000e+02
1.171700000000000017e+02
1.173299999999999983e+02
1.175000000000000000e+02
1.176700000000000017e+02
1.178299999999999983e+02
1.180000000000000000e+02
1.181700000000000017e+02
1.183299999999999983e+02
1.185000000000000000e+02
1.186700000000000017e+02
1.188299999999999983e+02
1.190000000000000000e+02
1.191700000000000017e+02
1.193299999999999983e+02
1.195000000000000000e+02
1.196700000000000017e+02
1.198299999999999983e+02
1.200000000000000000e+02
1.201700000000000017e+02
1.203299999999999983e+02
1.205000000000000000e+02
1.206700000000000017e+02
1.208299999999999983e+02
1.210000000000000000e+02
1.211700000000000017e+02
1.213299999999999983e+02
1.215000000000000000e+02
1.216700000000000017e+02
1.218299999999999983e+02
1.220000000000000000e+02
1.221700000000000017e+02
1.223299999999999983e+02
1.225000000000000000e+02
1.226700000000000017e+02
1.228299999999999983e+02
1.230000000000000000e+02
1.231700000000000017e+02
1.233299999999999983e+02
1.235000000000000000e+02
1.236700000000000017e+02
1.238299999999999983e+02
1.240000000000000000e+02
1.241700000000000017e+02
1.243299999999999983e+02
1.245000000000000000e+02
1.246700000000000017e+02
1.248299999999999983e+02
1.250000000000000000e+02
1.251700000000000017e+02
1.253299999999999983e+02
1.255000000000000000e+02
1.256700000000000017e+02
1.258299999999999983e+02
1.260000000000000000e+02
1.261700000000000017e+02
1.263299999999999983e+02
1.265000000000000000e+02
1.266700000000000017e+02
1.268299999999999983e+02
1.270000000000000000e+02
1.271700000000000017e+02
1.273299999999999983e+02
1.275000000000000000e+02
1.276700000000000017e+02
1.278299999999999983e+02
1.280000000000000000e+02
1.281699999999999875e+02
1.283300000000000125e+02
1.285000000000000000e+02
1.286699999999999875e+02
1.288300000000000125e+02
1.290000000000000000e+02
1.291699999999999875e+02
1.293300000000000125e+02
1.295000000000000000e+02
1.296699999999999875e+02
1.298300000000000125e+02
1.300000000000000000e+02
1.301699999999999875e+02
1.303300000000000125e+02
1.305000000000000000e+02
1.306699999999999875e+02
1.308300000000000125e+02
1.310000000000000000e+02
1.311699999999999875e+02
1.313300000000000125e+02
1.315000000000000000e+02
1.316699999999999875e+02
1.318300000000000125e+02
1.320000000000000000e+02
1.321699999999999875e+02
1.323300000000000125e+02
1.325000000000000000e+02
1.326699999999999875e+02
1.328300000000000125e+02
1.330000000000000000e+02
1.331699999999999875e+02
1.333300000000000125e+02
1.335000000000000000e+02
1.336699999999999875e+02
1.338300000000000125e+02
1.340000000000000000e+02
1.341699999999999875e+02
1.343300000000000125e+02
1.345000000000000000e+02
1.346699999999999875e+02
1.348300000000000125e+02
1.350000000000000000e+02
1.351699999999999875e+02
1.353300000000000125e+02
1.355000000000000000e+02
1.356699999999999875e+02
1.358300000000000125e+02
1.360000000000000000e+02
1.361699999999999875e+02
1.363300000000000125e+02
1.365000000000000000e+02
1.366699999999999875e+02
1.368300000000000125e+02
1.370000000000000000e+02
1.371699999999999875e+02
1.373300000000000125e+02
1.375000000000000000e+02
1.376699999999999875e+02
1.378300000000000125e+02
1.380000000000000000e+02
1.381699999999999875e+02
1.383300000000000125e+02
1.385000000000000000e+02
1.386699999999999875e+02
1.388300000000000125e+02
1.390000000000000000e+02
1.391699999999999875e+02
1.393300000000000125e+02
1.395000000000000000e+02
1.396699999999999875e+02
1.398300000000000125e+02
1.400000000000000000e+02
1.401699999999999875e+02
1.403300000000000125e+02
1.405000000000000000e+02
1.406699999999999875e+02
1.408300000000000125e+02
1.410000000000000000e+02
1.411699999999999875e+02
1.413300000000000125e+02
1.415000000000000000e+02
1.416699999999999875e+02
1.418300000000000125e+02
1.420000000000000000e+02
1.421699999999999875e+02
1.423300000000000125e+02
1.425000000000000000e+02
1.426699999999999875e+02
1.428300000000000125e+02
1.430000000000000000e+02
1.431699999999999875e+02
1.433300000000000125e+02
1.435000000000000000e+02
1.436699999999999875e+02
1.438300000000000125e+02
1.440000000000000000e+02
1.441699999999999875e+02
1.443300000000000125e+02
1.445000000000000000e+02
1.446699999999999875e+02
1.448300000000000125e+02
1.450000000000000000e+02
1.451699999999999875e+02
1.453300000000000125e+02
1.455000000000000000e+02
1.456699999999999875e+02
1.458300000000000125e+02
1.460000000000000000e+02
1.461699999999999875e+02
1.463300000000000125e+02
1.465000000000000000e+02
1.466699999999999875e+02
1.468300000000000125e+02
1.470000000000000000e+02
1.471699999999999875e+02
1.473300000000000125e+02
1.475000000000000000e+02
1.476699999999999875e+02
1.478300000000000125e+02
1.480000000000000000e+02
1.481699999999999875e+02
1.483300000000000125e+02
1.485000000000000000e+02
1.486699999999999875e+02
1.488300000000000125e+02
1.490000000000000000e+02
1.491699999999999875e+02
1.493300000000000125e+02
1.495000000000000000e+02
1.496699999999999875e+02
1.498300000000000125e+02
1.500000000000000000e+02
1.501699999999999875e+02
1.503300000000000125e+02
1.505000000000000000e+02
1.506699999999999875e+02
1.508300000000000125e+02
1.510000000000000000e+02
1.511699999999999875e+02
1.513300000000000125e+02
1.515000000000000000e+02
1.516699999999999875e+02
1.518300000000000125e+02
1.520000000000000000e+02
1.521699999999999875e+02
1.523300000000000125e+02
1.525000000000000000e+02
1.526699999999999875e+02
1.528300000000000125e+02
1.530000000000000000e+02
1.531699999999999875e+02
1.533300000000000125e+02
1.535000000000000000e+02
1.536699999999999875e+02
1.538300000000000125e+02
1.540000000000000000e+02
1.541699999999999875e+02
1.543300000000000125e+02
1.545000000000000000e+02
1.546699999999999875e+02
1.548300000000000125e+02
1.550000000000000000e+02
1.551699999999999875e+02
1.553300000000000125e+02
1.555000000000000000e+02
1.556699999999999875e+02
1.558300000000000125e+02
1.560000000000000000e+02
1.561699999999999875e+02
1.563300000000000125e+02
1.565000000000000000e+02
1.566699999999999875e+02
1.568300000000000125e+02
1.570000000000000000e+02
1.571699999999999875e+02
1.573300000000000125e+02
1.575000000000000000e+02
1.576699999999999875e+02
1.578300000000000125e+02
1.580000000000000000e+02
1.581699999999999875e+02
1.583300000000000125e+02
1.585000000000000000e+02
1.586699999999999875e+02
1.588300000000000125e+02
1.590000000000000000e+02
1.591699999999999875e+02
1.593300000000000125e+02
1.595000000000000000e+02
1.596699999999999875e+02
1.598300000000000125e+02
1.600000000000000000e+02
1.601699999999999875e+02
1.603300000000000125e+02
1.605000000000000000e+02
1.606699999999999875e+02
1.608300000000000125e+02
1.610000000000000000e+02
1.611699999999999875e+02
1.613300000000000125e+02
1.615000000000000000e+02
1.616699999999999875e+02
1.618300000000000125e+02
1.620000000000000000e+02
1.621699999999999875e+02
1.623300000000000125e+02
1.625000000000000000e+02
1.626699999999999875e+02
1.628300000000000125e+02
1.630000000000000000e+02
1.631699999999999875e+02
1.633300000000000125e+02
1.635000000000000000e+02
1.636699999999999875e+02
1.638300000000000125e+02
1.640000000000000000e+02
1.641699999999999875e+02
1.643300000000000125e+02
1.645000000000000000e+02
1.646699999999999875e+02
1.648300000000000125e+02
1.650000000000000000e+02
1.651699999999999875e+02
1.653300000000000125e+02
1.655000000000000000e+02
1.656699999999999875e+02
1.658300000000000125e+02
1.660000000000000000e+02
1.661699999999999875e+02
1.663300000000000125e+02
1.665000000000000000e+02
1.666699999999999875e+02
1.668300000000000125e+02
1.670000000000000000e+02
1.671699999999999875e+02
1.673300000000000125e+02
1.675000000000000000e+02
1.676699999999999875e+02
1.678300000000000125e+02
1.680000000000000000e+02
1.681699999999999875e+02
1.683300000000000125e+02
1.685000000000000000e+02
1.686699999999999875e+02
1.688300000000000125e+02
1.690000000000000000e+02
1.691699999999999875e+02
1.693300000000000125e+02
1.695000000000000000e+02
1.696699999999999875e+02
1.698300000000000125e+02
1.700000000000000000e+02
1.701699999999999875e+02
1.703300000000000125e+02
1.705000000000000000e+02
1.706699999999999875e+02
1.708300000000000125e+02
1.710000000000000000e+02
1.711699999999999875e+02
1.713300000000000125e+02
1.715000000000000000e+02
1.716699999999999875e+02
1.718300000000000125e+02
1.720000000000000000e+02
1.721699999999999875e+02
1.723300000000000125e+02
1.725000000000000000e+02
1.726699999999999875e+02
1.728300000000000125e+02
1.730000000000000000e+02
1.731699999999999875e+02
1.733300000000000125e+02
1.735000000000000000e+02
1.736699999999999875e+02
1.738300000000000125e+02
1.740000000000000000e+02
1.741699999999999875e+02
1.743300000000000125e+02
1.745000000000000000e+02
1.746699999999999875e+02
1.748300000000000125e+02
1.750000000000000000e+02
1.751699999999999875e+02
1.753300000000000125e+02
1.755000000000000000e+02
1.756699999999999875e+02
1.758300000000000125e+02
1.760000000000000000e+02
1.761699999999999875e+02
1.763300000000000125e+02
1.765000000000000000e+02
1.766699999999999875e+02
1.768300000000000125e+02
1.770000000000000000e+02
1.771699999999999875e+02
1.773300000000000125e+02
1.775000000000000000e+02
1.776699999999999875e+02
1.778300000000000125e+02
1.780000000000000000e+02
1.781699999999999875e+02
1.783300000000000125e+02
1.785000000000000000e+02
1.786699999999999875e+02
1.788300000000000125e+02
1.790000000000000000e+02
1.791699999999999875e+02
1.793300000000000125e+02
1.795000000000000000e+02
1.796699999999999875e+02
1.798300000000000125e+02
1.800000000000000000e+02
1.801699999999999875e+02
1.803300000000000125e+02
1.805000000000000000e+02
1.806699999999999875e+02
1.808300000000000125e+02
1.810000000000000000e+02
1.811699999999999875e+02
1.813300000000000125e+02
1.815000000000000000e+02
1.816699999999999875e+02
1.818300000000000125e+02
1.820000000000000000e+02
1.821699999999999875e+02
1.823300000000000125e+02
1.825000000000000000e+02
1.826699999999999875e+02
1.828300000000000125e+02
1.830000000000000000e+02
1.831699999999999875e+02
1.833300000000000125e+02
1.835000000000000000e+02
1.836699999999999875e+02
1.838300000000000125e+02
1.840000000000000000e+02
1.841699999999999875e+02
1.843300000000000125e+02
1.845000000000000000e+02
1.846699999999999875e+02
1.848300000000000125e+02
1.850000000000000000e+02
1.851699999999999875e+02
1.853300000000000125e+02
1.855000000000000000e+02
1.856699999999999875e+02
1.858300000000000125e+02
1.860000000000000000e+02
1.861699999999999875e+02
1.863300000000000125e+02
1.865000000000000000e+02
1.866699999999999875e+02
1.868300000000000125e+02
1.870000000000000000e+02
1.871699999999999875e+02
1.873300000000000125e+02
1.875000000000000000e+02
1.876699999999999875e+02
1.878300000000000125e+02
1.880000000000000000e+02
1.881699999999999875e+02
1.883300000000000125e+02
1.885000000000000000e+02
1.886699999999999875e+02
1.888300000000000125e+02
1.890000000000000000e+02
1.891699999999999875e+02
1.893300000000000125e+02
1.895000000000000000e+02
1.896699999999999875e+02
1.898300000000000125e+02
1.900000000000000000e+02
1.901699999999999875e+02
1.903300000000000125e+02
1.905000000000000000e+02
1.906699999999999875e+02
1.908300000000000125e+02
1.910000000000000000e+02
1.911699999999999875e+02
1.913300000000000125e+02
1.915000000000000000e+02
1.916699999999999875e+02
1.918300000000000125e+02
1.920000000000000000e+02
1.921699999999999875e+02
1.923300000000000125e+02
1.925000000000000000e+02
1.926699999999999875e+02
1.928300000000000125e+02
1.930000000000000000e+02
1.931699999999999875e+02
1.933300000000000125e+02
1.935000000000000000e+02
1.936699999999999875e+02
1.938300000000000125e+02
1.940000000000000000e+02
1.941699999999999875e+02
1.943300000000000125e+02
1.945000000000000000e+02
1.946699999999999875e+02
1.948300000000000125e+02
1.950000000000000000e+02
1.951699999999999875e+02
1.953300000000000125e+02
1.955000000000000000e+02
1.956699999999999875e+02
1.958300000000000125e+02
1.960000000000000000e+02
1.961699999999999875e+02
1.963300000000000125e+02
1.965000000000000000e+02
1.966699999999999875e+02
1.968300000000000125e+02
1.970000000000000000e+02
1.971699999999999875e+02
1.973300000000000125e+02
1.975000000000000000e+02
1.976699999999999875e+02
1.978300000000000125e+02
1.980000000000000000e+02
1.981699999999999875e+02
1.983300000000000125e+02
1.985000000000000000e+02
1.986699999999999875e+02
1.988300000000000125e+02
1.990000000000000000e+02
1.991699999999999875e+02
1.993300000000000125e+02
1.995000000000000000e+02
1.996699999999999875e+02
1.998300000000000125e+02
2.000000000000000000e+02
2.001699999999999875e+02
2.003300000000000125e+02
2.005000000000000000e+02
2.006699999999999875e+02
2.008300000000000125e+02
2.010000000000000000e+02
2.011699999999999875e+02
2.013300000000000125e+02
2.015000000000000000e+02
2.016699999999999875e+02
2.018300000000000125e+02
2.020000000000000000e+02
2.021699999999999875e+02
2.023300000000000125e+02
2.025000000000000000e+02
2.026699999999999875e+02
2.028300000000000125e+02
2.030000000000000000e+02
2.031699999999999875e+02
2.033300000000000125e+02
2.035000000000000000e+02
2.036699999999999875e+02
2.038300000000000125e+02
2.040000000000000000e+02
2.041699999999999875e+02
2.043300000000000125e+02
2.045000000000000000e+02
2.046699999999999875e+02
2.048300000000000125e+02
2.050000000000000000e+02
2.051699999999999875e+02
2.053300000000000125e+02
2.055000000000000000e+02
2.056699999999999875e+02
2.058300000000000125e+02
2.060000000000000000e+02
2.061699999999999875e+02
2.063300000000000125e+02
2.065000000000000000e+02
2.066699999999999875e+02
2.068300000000000125e+02
2.070000000000000000e+02
2.071699999999999875e+02
2.073300000000000125e+02
2.075000000000000000e+02
2.076699999999999875e+02
2.078300000000000125e+02
2.080000000000000000e+02
2.081699999999999875e+02
2.083300000000000125e+02
2.085000000000000000e+02
2.086699999999999875e+02
2.088300000000000125e+02
2.090000000000000000e+02
2.091699999999999875e+02
2.093300000000000125e+02
2.095000000000000000e+02
2.096699999999999875e+02
2.098300000000000125e+02
2.100000000000000000e+02
2.101699999999999875e+02
2.103300000000000125e+02
2.105000000000000000e+02
2.106699999999999875e+02
2.108300000000000125e+02
2.110000000000000000e+02
2.111699999999999875e+02
2.113300000000000125e+02
2.115000000000000000e+02
2.116699999999999875e+02
2.118300000000000125e+02
2.120000000000000000e+02
2.121699999999999875e+02
2.123300000000000125e+02
2.125000000000000000e+02
2.126699999999999875e+02
2.128300000000000125e+02
2.130000000000000000e+02
2.131699999999999875e+02
2.133300000000000125e+02
2.135000000000000000e+02
2.136699999999999875e+02
2.138300000000000125e+02
2.140000000000000000e+02
2.141699999999999875e+02
2.143300000000000125e+02
2.145000000000000000e+02
2.146699999999999875e+02
2.148300000000000125e+02
2.150000000000000000e+02
2.151699999999999875e+02
2.153300000000000125e+02
2.155000000000000000e+02
2.156699999999999875e+02
2.158300000000000125e+02
2.160000000000000000e+02
2.161699999999999875e+02
2.163300000000000125e+02
2.165000000000000000e+02
2.166699999999999875e+02
2.168300000000000125e+02
2.170000000000000000e+02
2.171699999999999875e+02
2.173300000000000125e+02
2.175000000000000000e+02
2.176699999999999875e+02
2.178300000000000125e+02
2.180000000000000000e+02
2.181699999999999875e+02
2.183300000000000125e+02
2.185000000000000000e+02
2.186699999999999875e+02
2.188300000000000125e+02
2.190000000000000000e+02
2.191699999999999875e+02
2.193300000000000125e+02
2.195000000000000000e+02
2.196699999999999875e+02
2.198300000000000125e+02
2.200000000000000000e+02
2.201699999999999875e+02
2.203300000000000125e+02
2.205000000000000000e+02
2.206699999999999875e+02
2.208300000000000125e+02
2.210000000000000000e+02
2.211699999999999875e+02
2.213300000000000125e+02
2.215000000000000000e+02
2.216699999999999875e+02
2.218300000000000125e+02
2.220000000000000000e+02
2.221699999999999875e+02
2.223300000000000125e+02
2.225000000000000000e+02
2.226699999999999875e+02
2.228300000000000125e+02
2.230000000000000000e+02
2.231699999999999875e+02
2.233300000000000125e+02
2.235000000000000000e+02
2.236699999999999875e+02
2.238300000000000125e+02
2.240000000000000000e+02
2.241699999999999875e+02
2.243300000000000125e+02
2.245000000000000000e+02
2.246699999999999875e+02
2.248300000000000125e+02
2.250000000000000000e+02
2.251699999999999875e+02
2.253300000000000125e+02
2.255000000000000000e+02
2.256699999999999875e+02
2.258300000000000125e+02
2.260000000000000000e+02
2.261699999999999875e+02
2.263300000000000125e+02
2.265000000000000000e+02
2.266699999999999875e+02
2.268300000000000125e+02
2.270000000000000000e+02
2.271699999999999875e+02
2.273300000000000125e+02
2.275000000000000000e+02
2.276699999999999875e+02
2.278300000000000125e+02
2.280000000000000000e+02
2.281699999999999875e+02
2.283300000000000125e+02
2.285000000000000000e+02
2.286699999999999875e+02
2.288300000000000125e+02
2.290000000000000000e+02
2.291699999999999875e+02
2.293300000000000125e+02
2.295000000000000000e+02
2.296699999999999875e+02
2.298300000000000125e+02
2.300000000000000000e+02
2.301699999999999875e+02
2.303300000000000125e+02
2.305000000000000000e+02
2.306699999999999875e+02
2.308300000000000125e+02
2.310000000000000000e+02
2.311699999999999875e+02
2.313300000000000125e+02
2.315000000000000000e+02
2.316699999999999875e+02
2.318300000000000125e+02
2.320000000000000000e+02
2.321699999999999875e+02
2.323300000000000125e+02
2.325000000000000000e+02
2.326699999999999875e+02
2.328300000000000125e+02
2.330000000000000000e+02
2.331699999999999875e+02
2.333300000000000125e+02
2.335000000000000000e+02
2.336699999999999875e+02
2.338300000000000125e+02
2.340000000000000000e+02
2.341699999999999875e+02
2.343300000000000125e+02
2.345000000000000000e+02
2.346699999999999875e+02
2.348300000000000125e+02
2.350000000000000000e+02
2.351699999999999875e+02
2.353300000000000125e+02
2.355000000000000000e+02
2.356699999999999875e+02
2.358300000000000125e+02
2.360000000000000000e+02
2.361699999999999875e+02
2.363300000000000125e+02
2.365000000000000000e+02
2.366699999999999875e+02
2.368300000000000125e+02
2.370000000000000000e+02
2.371699999999999875e+02
2.373300000000000125e+02
2.375000000000000000e+02
2.376699999999999875e+02
2.378300000000000125e+02
2.380000000000000000e+02
2.381699999999999875e+02
2.383300000000000125e+02
2.385000000000000000e+02
2.386699999999999875e+02
2.388300000000000125e+02
2.390000000000000000e+02
2.391699999999999875e+02
2.393300000000000125e+02
2.395000000000000000e+02
2.396699999999999875e+02
2.398300000000000125e+02
2.400000000000000000e+02
2.401699999999999875e+02
2.403300000000000125e+02
2.405000000000000000e+02
2.406699999999999875e+02
2.408300000000000125e+02
2.410000000000000000e+02
2.411699999999999875e+02
2.413300000000000125e+02
2.415000000000000000e+02
2.416699999999999875e+02
2.418300000000000125e+02
2.420000000000000000e+02
2.421699999999999875e+02
2.423300000000000125e+02
2.425000000000000000e+02
2.426699999999999875e+02
2.428300000000000125e+02
2.430000000000000000e+02
2.431699999999999875e+02
2.433300000000000125e+02
2.435000000000000000e+02
2.436699999999999875e+02
2.438300000000000125e+02
2.440000000000000000e+02
2.441699999999999875e+02
2.443300000000000125e+02
2.445000000000000000e+02
2.446699999999999875e+02
2.448300000000000125e+02
2.450000000000000000e+02
2.451699999999999875e+02
2.453300000000000125e+02
2.455000000000000000e+02
2.456699999999999875e+02
2.458300000000000125e+02
2.460000000000000000e+02
2.461699999999999875e+02
2.463300000000000125e+02
2.465000000000000000e+02
2.466699999999999875e+02
2.468300000000000125e+02
2.470000000000000000e+02
2.471699999999999875e+02
2.473300000000000125e+02
2.475000000000000000e+02
2.476699999999999875e+02
2.478300000000000125e+02
2.480000000000000000e+02
2.481699999999999875e+02
2.483300000000000125e+02
2.485000000000000000e+02
2.486699999999999875e+02
2.488300000000000125e+02
2.490000000000000000e+02
2.491699999999999875e+02
2.493300000000000125e+02
2.495000000000000000e+02
2.496699999999999875e+02
2.498300000000000125e+02
2.500000000000000000e+02
2.501699999999999875e+02
2.503300000000000125e+02
2.505000000000000000e+02
2.506699999999999875e+02
2.508300000000000125e+02
2.510000000000000000e+02
2.511699999999999875e+02
2.513300000000000125e+02
2.515000000000000000e+02
2.516699999999999875e+02
2.518300000000000125e+02
2.520000000000000000e+02
2.521699999999999875e+02
2.523300000000000125e+02
2.525000000000000000e+02
2.526699999999999875e+02
2.528300000000000125e+02
2.530000000000000000e+02
2.531699999999999875e+02
2.533300000000000125e+02
2.535000000000000000e+02
2.536699999999999875e+02
2.538300000000000125e+02
2.540000000000000000e+02
2.541699999999999875e+02
2.543300000000000125e+02
2.545000000000000000e+02
2.546699999999999875e+02
2.548300000000000125e+02
2.550000000000000000e+02
2.551699999999999875e+02
2.553300000000000125e+02
2.555000000000000000e+02
2.556699999999999875e+02
2.558300000000000125e+02
2.560000000000000000e+02
2.561700000000000159e+02
2.563299999999999841e+02
2.565000000000000000e+02
2.566700000000000159e+02
2.568299999999999841e+02
2.570000000000000000e+02
2.571700000000000159e+02
2.573299999999999841e+02
2.575000000000000000e+02
2.576700000000000159e+02
2.578299999999999841e+02
2.580000000000000000e+02
2.581700000000000159e+02
2.583299999999999841e+02
2.585000000000000000e+02
2.586700000000000159e+02
2.588299999999999841e+02
2.590000000000000000e+02
2.591700000000000159e+02
2.593299999999999841e+02
2.595000000000000000e+02
2.596700000000000159e+02
2.598299999999999841e+02
2.600000000000000000e+02
2.601700000000000159e+02
2.603299999999999841e+02
2.605000000000000000e+02
2.606700000000000159e+02
2.608299999999999841e+02
2.610000000000000000e+02
2.611700000000000159e+02
2.613299999999999841e+02
2.615000000000000000e+02
2.616700000000000159e+02
2.618299999999999841e+02
2.620000000000000000e+02
2.621700000000000159e+02
2.623299999999999841e+02
2.625000000000000000e+02
2.626700000000000159e+02
2.628299999999999841e+02
2.630000000000000000e+02
2.631700000000000159e+02
2.633299999999999841e+02
2.635000000000000000e+02
2.636700000000000159e+02
2.638299999999999841e+02
2.640000000000000000e+02
2.641700000000000159e+02
2.643299999999999841e+02
2.645000000000000000e+02
2.646700000000000159e+02
2.648299999999999841e+02
2.650000000000000000e+02
2.651700000000000159e+02
2.653299999999999841e+02
2.655000000000000000e+02
2.656700000000000159e+02
2.658299999999999841e+02
2.660000000000000000e+02
2.661700000000000159e+02
2.663299999999999841e+02
2.665000000000000000e+02
2.666700000000000159e+02
2.668299999999999841e+02
2.670000000000000000e+02
2.671700000000000159e+02
2.673299999999999841e+02
2.675000000000000000e+02
2.676700000000000159e+02
2.678299999999999841e+02
2.680000000000000000e+02
2.681700000000000159e+02
2.683299999999999841e+02
2.685000000000000000e+02
2.686700000000000159e+02
2.688299999999999841e+02
2.690000000000000000e+02
2.691700000000000159e+02
2.693299999999999841e+02
2.695000000000000000e+02
2.696700000000000159e+02
2.698299999999999841e+02
2.700000000000000000e+02
2.701700000000000159e+02
2.703299999999999841e+02
2.705000000000000000e+02
2.706700000000000159e+02
2.708299999999999841e+02
2.710000000000000000e+02
2.711700000000000159e+02
2.713299999999999841e+02
2.715000000000000000e+02
2.716700000000000159e+02
2.718299999999999841e+02
2.720000000000000000e+02
2.721700000000000159e+02
2.723299999999999841e+02
2.725000000000000000e+02
2.726700000000000159e+02
2.728299999999999841e+02
2.730000000000000000e+02
2.731700000000000159e+02
2.733299999999999841e+02
2.735000000000000000e+02
2.736700000000000159e+02
2.738299999999999841e+02
2.740000000000000000e+02
2.741700000000000159e+02
2.743299999999999841e+02
2.745000000000000000e+02
2.746700000000000159e+02
2.748299999999999841e+02
2.750000000000000000e+02
2.751700000000000159e+02
2.753299999999999841e+02
2.755000000000000000e+02
2.756700000000000159e+02
2.758299999999999841e+02
2.760000000000000000e+02
2.761700000000000159e+02
2.763299999999999841e+02
2.765000000000000000e+02
2.766700000000000159e+02
2.768299999999999841e+02
2.770000000000000000e+02
2.771700000000000159e+02
2.773299999999999841e+02
2.775000000000000000e+02
2.776700000000000159e+02
2.778299999999999841e+02
2.780000000000000000e+02
2.781700000000000159e+02
2.783299999999999841e+02
2.785000000000000000e+02
2.786700000000000159e+02
2.788299999999999841e+02
2.790000000000000000e+02
2.791700000000000159e+02
2.793299999999999841e+02
2.795000000000000000e+02
2.796700000000000159e+02
2.798299999999999841e+02
2.800000000000000000e+02
2.801700000000000159e+02
2.803299999999999841e+02
2.805000000000000000e+02
2.806700000000000159e+02
2.808299999999999841e+02
2.810000000000000000e+02
2.811700000000000159e+02
2.813299999999999841e+02
2.815000000000000000e+02
2.816700000000000159e+02
2.818299999999999841e+02
2.820000000000000000e+02
2.821700000000000159e+02
2.823299999999999841e+02
2.825000000000000000e+02
2.826700000000000159e+02
2.828299999999999841e+02
2.830000000000000000e+02
2.831700000000000159e+02
2.833299999999999841e+02
2.835000000000000000e+02
2.836700000000000159e+02
2.838299999999999841e+02
2.840000000000000000e+02
2.841700000000000159e+02
2.843299999999999841e+02
2.845000000000000000e+02
2.846700000000000159e+02
2.848299999999999841e+02
2.850000000000000000e+02
2.851700000000000159e+02
2.853299999999999841e+02
2.855000000000000000e+02
2.856700000000000159e+02
2.858299999999999841e+02
2.860000000000000000e+02
2.861700000000000159e+02
2.863299999999999841e+02
2.865000000000000000e+02
2.866700000000000159e+02
2.868299999999999841e+02
2.870000000000000000e+02
2.871700000000000159e+02
2.873299999999999841e+02
2.875000000000000000e+02
2.876700000000000159e+02
2.878299999999999841e+02
2.880000000000000000e+02
2.881700000000000159e+02
2.883299999999999841e+02
2.885000000000000000e+02
2.886700000000000159e+02
2.888299999999999841e+02
2.890000000000000000e+02
2.891700000000000159e+02
2.893299999999999841e+02
2.895000000000000000e+02
2.896700000000000159e+02
2.898299999999999841e+02
2.900000000000000000e+02
2.901700000000000159e+02
2.903299999999999841e+02
2.905000000000000000e+02
2.906700000000000159e+02
2.908299999999999841e+02
2.910000000000000000e+02
2.911700000000000159e+02
2.913299999999999841e+02
2.915000000000000000e+02
2.916700000000000159e+02
2.918299999999999841e+02
2.920000000000000000e+02
2.921700000000000159e+02
2.923299999999999841e+02
2.925000000000000000e+02
2.926700000000000159e+02
2.928299999999999841e+02
2.930000000000000000e+02
2.931700000000000159e+02
2.933299999999999841e+02
2.935000000000000000e+02
2.936700000000000159e+02
2.938299999999999841e+02
2.940000000000000000e+02
2.941700000000000159e+02
2.943299999999999841e+02
2.945000000000000000e+02
2.946700000000000159e+02
2.948299999999999841e+02
2.950000000000000000e+02
2.951700000000000159e+02
2.953299999999999841e+02
2.955000000000000000e+02
2.956700000000000159e+02
2.958299999999999841e+02
2.960000000000000000e+02
2.961700000000000159e+02
2.963299999999999841e+02
2.965000000000000000e+02
2.966700000000000159e+02
2.968299999999999841e+02
2.970000000000000000e+02
2.971700000000000159e+02
2.973299999999999841e+02
2.975000000000000000e+02
2.976700000000000159e+02
2.978299999999999841e+02
2.980000000000000000e+02
2.981700000000000159e+02
2.983299999999999841e+02
2.985000000000000000e+02
2.986700000000000159e+02
2.988299999999999841e+02
2.990000000000000000e+02
2.991700000000000159e+02
2.993299999999999841e+02
2.995000000000000000e+02
2.996700000000000159e+02
2.998299999999999841e+02
3.000000000000000000e+02
3.001700000000000159e+02
3.003299999999999841e+02
3.005000000000000000e+02
3.006700000000000159e+02
3.008299999999999841e+02
3.010000000000000000e+02
3.011700000000000159e+02
3.013299999999999841e+02
3.015000000000000000e+02
3.016700000000000159e+02
3.018299999999999841e+02
3.020000000000000000e+02
3.021700000000000159e+02
3.023299999999999841e+02
3.025000000000000000e+02
3.026700000000000159e+02
3.028299999999999841e+02
3.030000000000000000e+02
3.031700000000000159e+02
3.033299999999999841e+02
3.035000000000000000e+02
3.036700000000000159e+02
3.038299999999999841e+02
3.040000000000000000e+02
3.041700000000000159e+02
3.043299999999999841e+02
3.045000000000000000e+02
3.046700000000000159e+02
3.048299999999999841e+02
3.050000000000000000e+02
3.051700000000000159e+02
3.053299999999999841e+02
3.055000000000000000e+02
3.056700000000000159e+02
3.058299999999999841e+02
3.060000000000000000e+02
3.061700000000000159e+02
3.063299999999999841e+02
3.065000000000000000e+02
3.066700000000000159e+02
3.068299999999999841e+02
3.070000000000000000e+02
3.071700000000000159e+02
3.073299999999999841e+02
3.075000000000000000e+02
3.076700000000000159e+02
3.078299999999999841e+02
3.080000000000000000e+02
3.081700000000000159e+02
3.083299999999999841e+02
3.085000000000000000e+02
3.086700000000000159e+02
3.088299999999999841e+02
3.090000000000000000e+02
3.091700000000000159e+02
3.093299999999999841e+02
3.095000000000000000e+02
3.096700000000000159e+02
3.098299999999999841e+02
3.100000000000000000e+02
3.101700000000000159e+02
3.103299999999999841e+02
3.105000000000000000e+02
3.106700000000000159e+02
3.108299999999999841e+02
3.110000000000000000e+02
3.111700000000000159e+02
3.113299999999999841e+02
3.115000000000000000e+02
3.116700000000000159e+02
3.118299999999999841e+02
3.120000000000000000e+02
3.121700000000000159e+02
3.123299999999999841e+02
3.125000000000000000e+02
3.126700000000000159e+02
3.128299999999999841e+02
3.130000000000000000e+02
3.131700000000000159e+02
3.133299999999999841e+02
3.135000000000000000e+02
3.136700000000000159e+02
3.138299999999999841e+02
3.140000000000000000e+02
3.141700000000000159e+02
3.143299999999999841e+02
3.145000000000000000e+02
3.146700000000000159e+02
3.148299999999999841e+02
3.150000000000000000e+02
3.151700000000000159e+02
3.153299999999999841e+02
3.155000000000000000e+02
3.156700000000000159e+02
3.158299999999999841e+02
3.160000000000000000e+02
3.161700000000000159e+02
3.163299999999999841e+02
3.165000000000000000e+02
3.166700000000000159e+02
3.168299999999999841e+02
3.170000000000000000e+02
3.171700000000000159e+02
3.173299999999999841e+02
3.175000000000000000e+02
3.176700000000000159e+02
3.178299999999999841e+02
3.180000000000000000e+02
3.181700000000000159e+02
3.183299999999999841e+02
3.185000000000000000e+02
3.186700000000000159e+02
3.188299999999999841e+02
3.190000000000000000e+02
3.191700000000000159e+02
3.193299999999999841e+02
3.195000000000000000e+02
3.196700000000000159e+02
3.198299999999999841e+02
3.200000000000000000e+02
3.201700000000000159e+02
3.203299999999999841e+02
3.205000000000000000e+02
3.206700000000000159e+02
3.208299999999999841e+02
3.210000000000000000e+02
3.211700000000000159e+02
3.213299999999999841e+02
3.215000000000000000e+02
3.216700000000000159e+02
3.218299999999999841e+02
3.220000000000000000e+02
3.221700000000000159e+02
3.223299999999999841e+02
3.225000000000000000e+02
3.226700000000000159e+02
3.228299999999999841e+02
3.230000000000000000e+02
3.231700000000000159e+02
3.233299999999999841e+02
3.235000000000000000e+02
3.236700000000000159e+02
3.238299999999999841e+02
3.240000000000000000e+02
3.241700000000000159e+02
3.243299999999999841e+02
3.245000000000000000e+02
3.246700000000000159e+02
3.248299999999999841e+02
3.250000000000000000e+02
3.251700000000000159e+02
3.253299999999999841e+02
3.255000000000000000e+02
3.256700000000000159e+02
3.258299999999999841e+02
3.260000000000000000e+02
3.261700000000000159e+02
3.263299999999999841e+02
3.265000000000000000e+02
3.266700000000000159e+02
3.268299999999999841e+02
3.270000000000000000e+02
3.271700000000000159e+02
3.273299999999999841e+02
3.275000000000000000e+02
3.276700000000000159e+02
3.278299999999999841e+02
3.280000000000000000e+02
3.281700000000000159e+02
3.283299999999999841e+02
3.285000000000000000e+02
3.286700000000000159e+02
3.288299999999999841e+02
3.290000000000000000e+02
3.291700000000000159e+02
3.293299999999999841e+02
3.295000000000000000e+02
3.296700000000000159e+02
3.298299999999999841e+02
3.300000000000000000e+02
3.301700000000000159e+02
3.303299999999999841e+02
3.305000000000000000e+02
3.306700000000000159e+02
3.308299999999999841e+02
3.310000000000000000e+02
3.311700000000000159e+02
3.313299999999999841e+02
3.315000000000000000e+02
3.316700000000000159e+02
3.318299999999999841e+02
3.320000000000000000e+02
3.321700000000000159e+02
3.323299999999999841e+02
3.325000000000000000e+02
3.326700000000000159e+02
3.328299999999999841e+02
3.330000000000000000e+02
3.331700000000000159e+02
3.333299999999999841e+02
3.335000000000000000e+02
3.336700000000000159e+02
3.338299999999999841e+02
3.340000000000000000e+02
3.341700000000000159e+02
3.343299999999999841e+02
3.345000000000000000e+02
3.346700000000000159e+02
3.348299999999999841e+02
3.350000000000000000e+02
3.351700000000000159e+02
3.353299999999999841e+02
3.355000000000000000e+02
3.356700000000000159e+02
3.358299999999999841e+02
3.360000000000000000e+02
3.361700000000000159e+02
3.363299999999999841e+02
3.365000000000000000e+02
3.366700000000000159e+02
3.368299999999999841e+02
3.370000000000000000e+02
3.371700000000000159e+02
3.373299999999999841e+02
3.375000000000000000e+02
3.376700000000000159e+02
3.378299999999999841e+02
3.380000000000000000e+02
3.381700000000000159e+02
3.383299999999999841e+02
3.385000000000000000e+02
3.386700000000000159e+02
3.388299999999999841e+02
3.390000000000000000e+02
3.391700000000000159e+02
3.393299999999999841e+02
3.395000000000000000e+02
3.396700000000000159e+02
3.398299999999999841e+02
3.400000000000000000e+02
3.401700000000000159e+02
3.403299999999999841e+02
3.405000000000000000e+02
3.406700000000000159e+02
3.408299999999999841e+02
3.410000000000000000e+02
3.411700000000000159e+02
3.413299999999999841e+02
3.415000000000000000e+02
3.416700000000000159e+02
3.418299999999999841e+02
3.420000000000000000e+02
3.421700000000000159e+02
3.423299999999999841e+02
3.425000000000000000e+02
3.426700000000000159e+02
3.428299999999999841e+02
3.430000000000000000e+02
3.431700000000000159e+02
3.433299999999999841e+02
3.435000000000000000e+02
3.436700000000000159e+02
3.438299999999999841e+02
3.440000000000000000e+02
3.441700000000000159e+02
3.443299999999999841e+02
3.445000000000000000e+02
3.446700000000000159e+02
3.448299999999999841e+02
3.450000000000000000e+02
3.451700000000000159e+02
3.453299999999999841e+02
3.455000000000000000e+02
3.456700000000000159e+02
3.458299999999999841e+02
3.460000000000000000e+02
3.461700000000000159e+02
3.463299999999999841e+02
3.465000000000000000e+02
3.466700000000000159e+02
3.468299999999999841e+02
3.470000000000000000e+02
3.471700000000000159e+02
3.473299999999999841e+02
3.475000000000000000e+02
3.476700000000000159e+02
3.478299999999999841e+02
3.480000000000000000e+02
3.481700000000000159e+02
3.483299999999999841e+02
3.485000000000000000e+02
3.486700000000000159e+02
3.488299999999999841e+02
3.490000000000000000e+02
3.491700000000000159e+02
3.493299999999999841e+02
3.495000000000000000e+02
3.496700000000000159e+02
3.498299999999999841e+02
3.500000000000000000e+02
3.501700000000000159e+02
3.503299999999999841e+02
3.505000000000000000e+02
3.506700000000000159e+02
3.508299999999999841e+02
3.510000000000000000e+02
3.511700000000000159e+02
3.513299999999999841e+02
3.515000000000000000e+02
3.516700000000000159e+02
3.518299999999999841e+02
3.520000000000000000e+02
3.521700000000000159e+02
3.523299999999999841e+02
3.525000000000000000e+02
3.526700000000000159e+02
3.528299999999999841e+02
3.530000000000000000e+02
3.531700000000000159e+02
3.533299999999999841e+02
3.535000000000000000e+02
3.536700000000000159e+02
3.538299999999999841e+02
3.540000000000000000e+02
3.541700000000000159e+02
3.543299999999999841e+02
3.545000000000000000e+02
3.546700000000000159e+02
3.548299999999999841e+02
3.550000000000000000e+02
3.551700000000000159e+02
3.553299999999999841e+02
3.555000000000000000e+02
3.556700000000000159e+02
3.558299999999999841e+02
3.560000000000000000e+02
3.561700000000000159e+02
3.563299999999999841e+02
3.565000000000000000e+02
3.566700000000000159e+02
3.568299999999999841e+02
3.570000000000000000e+02
3.571700000000000159e+02
3.573299999999999841e+02
3.575000000000000000e+02
3.576700000000000159e+02
3.578299999999999841e+02
3.580000000000000000e+02
3.581700000000000159e+02
3.583299999999999841e+02
3.585000000000000000e+02
3.586700000000000159e+02
3.588299999999999841e+02
3.590000000000000000e+02
3.591700000000000159e+02
3.593299999999999841e+02
3.595000000000000000e+02
3.596700000000000159e+02
3.598299999999999841e+02
3.600000000000000000e+02
3.601700000000000159e+02
3.603299999999999841e+02
3.605000000000000000e+02
3.606700000000000159e+02
3.608299999999999841e+02
3.610000000000000000e+02
3.611700000000000159e+02
3.613299999999999841e+02
3.615000000000000000e+02
3.616700000000000159e+02
3.618299999999999841e+02
3.620000000000000000e+02
3.621700000000000159e+02
3.623299999999999841e+02
3.625000000000000000e+02
3.626700000000000159e+02
3.628299999999999841e+02
3.630000000000000000e+02
3.631700000000000159e+02
3.633299999999999841e+02
3.635000000000000000e+02
3.636700000000000159e+02
3.638299999999999841e+02
3.640000000000000000e+02
3.641700000000000159e+02
3.643299999999999841e+02
3.645000000000000000e+02
3.646700000000000159e+02
3.648299999999999841e+02
3.650000000000000000e+02
3.651700000000000159e+02
3.653299999999999841e+02
3.655000000000000000e+02
3.656700000000000159e+02
3.658299999999999841e+02
3.660000000000000000e+02
3.661700000000000159e+02
3.663299999999999841e+02
3.665000000000000000e+02
3.666700000000000159e+02
3.668299999999999841e+02
3.670000000000000000e+02
3.671700000000000159e+02
3.673299999999999841e+02
3.675000000000000000e+02
3.676700000000000159e+02
3.678299999999999841e+02
3.680000000000000000e+02
3.681700000000000159e+02
3.683299999999999841e+02
3.685000000000000000e+02
3.686700000000000159e+02
3.688299999999999841e+02
3.690000000000000000e+02
3.691700000000000159e+02
3.693299999999999841e+02
3.695000000000000000e+02
3.696700000000000159e+02
3.698299999999999841e+02
3.700000000000000000e+02
3.701700000000000159e+02
3.703299999999999841e+02
3.705000000000000000e+02
3.706700000000000159e+02
3.708299999999999841e+02
3.710000000000000000e+02
3.711700000000000159e+02
3.713299999999999841e+02
3.715000000000000000e+02
3.716700000000000159e+02
3.718299999999999841e+02
3.720000000000000000e+02
3.721700000000000159e+02
3.723299999999999841e+02
3.725000000000000000e+02
3.726700000000000159e+02
3.728299999999999841e+02
3.730000000000000000e+02
3.731700000000000159e+02
3.733299999999999841e+02
3.735000000000000000e+02
3.736700000000000159e+02
3.738299999999999841e+02
3.740000000000000000e+02
3.741700000000000159e+02
3.743299999999999841e+02
3.745000000000000000e+02
3.746700000000000159e+02
3.748299999999999841e+02
3.750000000000000000e+02
3.751700000000000159e+02
3.753299999999999841e+02
3.755000000000000000e+02
3.756700000000000159e+02
3.758299999999999841e+02
3.760000000000000000e+02
3.761700000000000159e+02
3.763299999999999841e+02
3.765000000000000000e+02
3.766700000000000159e+02
3.768299999999999841e+02
3.770000000000000000e+02
3.771700000000000159e+02
3.773299999999999841e+02
3.775000000000000000e+02
3.776700000000000159e+02
3.778299999999999841e+02
3.780000000000000000e+02
3.781700000000000159e+02
3.783299999999999841e+02
3.785000000000000000e+02
3.786700000000000159e+02
3.788299999999999841e+02
3.790000000000000000e+02
3.791700000000000159e+02
3.793299999999999841e+02
3.795000000000000000e+02
3.796700000000000159e+02
3.798299999999999841e+02
3.800000000000000000e+02
3.801700000000000159e+02
3.803299999999999841e+02
3.805000000000000000e+02
3.806700000000000159e+02
3.808299999999999841e+02
3.810000000000000000e+02
3.811700000000000159e+02
3.813299999999999841e+02
3.815000000000000000e+02
3.816700000000000159e+02
3.818299999999999841e+02
3.820000000000000000e+02
3.821700000000000159e+02
3.823299999999999841e+02
3.825000000000000000e+02
3.826700000000000159e+02
3.828299999999999841e+02
3.830000000000000000e+02
3.831700000000000159e+02
3.833299999999999841e+02
3.835000000000000000e+02
3.836700000000000159e+02
3.838299999999999841e+02
3.840000000000000000e+02
3.841700000000000159e+02
3.843299999999999841e+02
3.845000000000000000e+02
3.846700000000000159e+02
3.848299999999999841e+02
3.850000000000000000e+02
3.851700000000000159e+02
3.853299999999999841e+02
3.855000000000000000e+02
3.856700000000000159e+02
3.858299999999999841e+02
3.860000000000000000e+02
3.861700000000000159e+02
3.863299999999999841e+02
3.865000000000000000e+02
3.866700000000000159e+02
3.868299999999999841e+02
3.870000000000000000e+02
3.871700000000000159e+02
3.873299999999999841e+02
3.875000000000000000e+02
3.876700000000000159e+02
3.878299999999999841e+02
3.880000000000000000e+02
3.881700000000000159e+02
3.883299999999999841e+02
3.885000000000000000e+02
3.886700000000000159e+02
3.888299999999999841e+02
3.890000000000000000e+02
3.891700000000000159e+02
3.893299999999999841e+02
3.895000000000000000e+02
3.896700000000000159e+02
3.898299999999999841e+02
3.900000000000000000e+02
3.901700000000000159e+02
3.903299999999999841e+02
3.905000000000000000e+02
3.906700000000000159e+02
3.908299999999999841e+02
3.910000000000000000e+02
3.911700000000000159e+02
3.913299999999999841e+02
3.915000000000000000e+02
3.916700000000000159e+02
3.918299999999999841e+02
3.920000000000000000e+02
3.921700000000000159e+02
3.923299999999999841e+02
3.925000000000000000e+02
3.926700000000000159e+02
3.928299999999999841e+02
3.930000000000000000e+02
3.931700000000000159e+02
3.933299999999999841e+02
3.935000000000000000e+02
3.936700000000000159e+02
3.938299999999999841e+02
3.940000000000000000e+02
3.941700000000000159e+02
3.943299999999999841e+02
3.945000000000000000e+02
3.946700000000000159e+02
3.948299999999999841e+02
3.950000000000000000e+02
3.951700000000000159e+02
3.953299999999999841e+02
3.955000000000000000e+02
3.956700000000000159e+02
3.958299999999999841e+02
3.960000000000000000e+02
3.961700000000000159e+02
3.963299999999999841e+02
3.965000000000000000e+02
3.966700000000000159e+02
3.968299999999999841e+02
3.970000000000000000e+02
3.971700000000000159e+02
3.973299999999999841e+02
3.975000000000000000e+02
3.976700000000000159e+02
3.978299999999999841e+02
3.980000000000000000e+02
3.981700000000000159e+02
3.983299999999999841e+02
3.985000000000000000e+02
3.986700000000000159e+02
3.988299999999999841e+02
3.990000000000000000e+02
3.991700000000000159e+02
3.993299999999999841e+02
3.995000000000000000e+02
3.996700000000000159e+02
3.998299999999999841e+02
4.000000000000000000e+02
4.001700000000000159e+02
4.003299999999999841e+02
4.005000000000000000e+02
4.006700000000000159e+02
4.008299999999999841e+02
4.010000000000000000e+02
4.011700000000000159e+02
4.013299999999999841e+02
4.015000000000000000e+02
4.016700000000000159e+02
4.018299999999999841e+02
4.020000000000000000e+02
4.021700000000000159e+02
4.023299999999999841e+02
4.025000000000000000e+02
4.026700000000000159e+02
4.028299999999999841e+02
4.030000000000000000e+02
4.031700000000000159e+02
4.033299999999999841e+02
4.035000000000000000e+02
4.036700000000000159e+02
4.038299999999999841e+02
4.040000000000000000e+02
4.041700000000000159e+02
4.043299999999999841e+02
4.045000000000000000e+02
4.046700000000000159e+02
4.048299999999999841e+02
4.050000000000000000e+02
4.051700000000000159e+02
4.053299999999999841e+02
4.055000000000000000e+02
4.056700000000000159e+02
4.058299999999999841e+02
4.060000000000000000e+02
4.061700000000000159e+02
4.063299999999999841e+02
4.065000000000000000e+02
4.066700000000000159e+02
4.068299999999999841e+02
4.070000000000000000e+02
4.071700000000000159e+02
4.073299999999999841e+02
4.075000000000000000e+02
4.076700000000000159e+02
4.078299999999999841e+02
4.080000000000000000e+02
4.081700000000000159e+02
4.083299999999999841e+02
4.085000000000000000e+02
4.086700000000000159e+02
4.088299999999999841e+02
4.090000000000000000e+02
4.091700000000000159e+02
4.093299999999999841e+02
4.095000000000000000e+02
4.096700000000000159e+02
4.098299999999999841e+02
4.100000000000000000e+02
4.101700000000000159e+02
4.103299999999999841e+02
4.105000000000000000e+02
4.106700000000000159e+02
4.108299999999999841e+02
4.110000000000000000e+02
4.111700000000000159e+02
4.113299999999999841e+02
4.115000000000000000e+02
4.116700000000000159e+02
4.118299999999999841e+02
4.120000000000000000e+02
4.121700000000000159e+02
4.123299999999999841e+02
4.125000000000000000e+02
4.126700000000000159e+02
4.128299999999999841e+02
4.130000000000000000e+02
4.131700000000000159e+02
4.133299999999999841e+02
4.135000000000000000e+02
4.136700000000000159e+02
4.138299999999999841e+02
4.140000000000000000e+02
4.141700000000000159e+02
4.143299999999999841e+02
4.145000000000000000e+02
4.146700000000000159e+02
4.148299999999999841e+02
4.150000000000000000e+02
4.151700000000000159e+02
4.153299999999999841e+02
4.155000000000000000e+02
4.156700000000000159e+02
4.158299999999999841e+02
4.160000000000000000e+02
4.161700000000000159e+02
4.163299999999999841e+02
4.165000000000000000e+02
4.166700000000000159e+02
4.168299999999999841e+02
4.170000000000000000e+02
4.171700000000000159e+02
4.173299999999999841e+02
4.175000000000000000e+02
4.176700000000000159e+02
4.178299999999999841e+02
4.180000000000000000e+02
4.181700000000000159e+02
4.183299999999999841e+02
4.185000000000000000e+02
4.186700000000000159e+02
4.188299999999999841e+02
4.190000000000000000e+02
4.191700000000000159e+02
4.193299999999999841e+02
4.195000000000000000e+02
4.196700000000000159e+02
4.198299999999999841e+02
4.200000000000000000e+02
4.201700000000000159e+02
4.203299999999999841e+02
4.205000000000000000e+02
4.206700000000000159e+02
4.208299999999999841e+02
4.210000000000000000e+02
4.211700000000000159e+02
4.213299999999999841e+02
4.215000000000000000e+02
4.216700000000000159e+02
4.218299999999999841e+02
4.220000000000000000e+02
4.221700000000000159e+02
4.223299999999999841e+02
4.225000000000000000e+02
4.226700000000000159e+02
4.228299999999999841e+02
4.230000000000000000e+02
4.231700000000000159e+02
4.233299999999999841e+02
4.235000000000000000e+02
4.236700000000000159e+02
4.238299999999999841e+02
4.240000000000000000e+02
4.241700000000000159e+02
4.243299999999999841e+02
4.245000000000000000e+02
4.246700000000000159e+02
4.248299999999999841e+02
4.250000000000000000e+02
4.251700000000000159e+02
4.253299999999999841e+02
4.255000000000000000e+02
4.256700000000000159e+02
4.258299999999999841e+02
4.260000000000000000e+02
4.261700000000000159e+02
4.263299999999999841e+02
4.265000000000000000e+02
4.266700000000000159e+02
4.268299999999999841e+02
4.270000000000000000e+02
4.271700000000000159e+02
4.273299999999999841e+02
4.275000000000000000e+02
4.276700000000000159e+02
4.278299999999999841e+02
4.280000000000000000e+02
4.281700000000000159e+02
4.283299999999999841e+02
4.285000000000000000e+02
4.286700000000000159e+02
4.288299999999999841e+02
4.290000000000000000e+02
4.291700000000000159e+02
4.293299999999999841e+02
4.295000000000000000e+02
4.296700000000000159e+02
4.298299999999999841e+02
4.300000000000000000e+02
4.301700000000000159e+02
4.303299999999999841e+02
4.305000000000000000e+02
4.306700000000000159e+02
4.308299999999999841e+02
4.310000000000000000e+02
4.311700000000000159e+02
4.313299999999999841e+02
4.315000000000000000e+02
4.316700000000000159e+02
4.318299999999999841e+02
4.320000000000000000e+02
4.321700000000000159e+02
4.323299999999999841e+02
4.325000000000000000e+02
4.326700000000000159e+02
4.328299999999999841e+02
4.330000000000000000e+02
4.331700000000000159e+02
4.333299999999999841e+02
4.335000000000000000e+02
4.336700000000000159e+02
4.338299999999999841e+02
4.340000000000000000e+02
4.341700000000000159e+02
4.343299999999999841e+02
4.345000000000000000e+02
4.346700000000000159e+02
4.348299999999999841e+02
4.350000000000000000e+02
4.351700000000000159e+02
4.353299999999999841e+02
4.355000000000000000e+02
4.356700000000000159e+02
4.358299999999999841e+02
4.360000000000000000e+02
4.361700000000000159e+02
4.363299999999999841e+02
4.365000000000000000e+02
4.366700000000000159e+02
4.368299999999999841e+02
4.370000000000000000e+02
4.371700000000000159e+02
4.373299999999999841e+02
4.375000000000000000e+02
4.376700000000000159e+02
4.378299999999999841e+02
4.380000000000000000e+02
4.381700000000000159e+02
4.383299999999999841e+02
4.385000000000000000e+02
4.386700000000000159e+02
4.388299999999999841e+02
4.390000000000000000e+02
4.391700000000000159e+02
4.393299999999999841e+02
4.395000000000000000e+02
4.396700000000000159e+02
4.398299999999999841e+02
4.400000000000000000e+02
4.401700000000000159e+02
4.403299999999999841e+02
4.405000000000000000e+02
4.406700000000000159e+02
4.408299999999999841e+02
4.410000000000000000e+02
4.411700000000000159e+02
4.413299999999999841e+02
4.415000000000000000e+02
4.416700000000000159e+02
4.418299999999999841e+02
4.420000000000000000e+02
4.421700000000000159e+02
4.423299999999999841e+02
4.425000000000000000e+02
4.426700000000000159e+02
4.428299999999999841e+02
4.430000000000000000e+02
4.431700000000000159e+02
4.433299999999999841e+02
4.435000000000000000e+02
4.436700000000000159e+02
4.438299999999999841e+02
4.440000000000000000e+02
4.441700000000000159e+02
4.443299999999999841e+02
4.445000000000000000e+02
4.446700000000000159e+02
4.448299999999999841e+02
4.450000000000000000e+02
4.451700000000000159e+02
4.453299999999999841e+02
4.455000000000000000e+02
4.456700000000000159e+02
4.458299999999999841e+02
4.460000000000000000e+02
4.461700000000000159e+02
4.463299999999999841e+02
4.465000000000000000e+02
4.466700000000000159e+02
4.468299999999999841e+02
4.470000000000000000e+02
4.471700000000000159e+02
4.473299999999999841e+02
4.475000000000000000e+02
4.476700000000000159e+02
4.478299999999999841e+02
4.480000000000000000e+02
4.481700000000000159e+02
4.483299999999999841e+02
4.485000000000000000e+02
4.486700000000000159e+02
4.488299999999999841e+02
4.490000000000000000e+02
4.491700000000000159e+02
4.493299999999999841e+02
4.495000000000000000e+02
4.496700000000000159e+02
4.498299999999999841e+02
4.500000000000000000e+02
4.501700000000000159e+02
4.503299999999999841e+02
4.505000000000000000e+02
4.506700000000000159e+02
4.508299999999999841e+02
4.510000000000000000e+02
4.511700000000000159e+02
4.513299999999999841e+02
4.515000000000000000e+02
4.516700000000000159e+02
4.518299999999999841e+02
4.520000000000000000e+02
4.521700000000000159e+02
4.523299999999999841e+02
4.525000000000000000e+02
4.526700000000000159e+02
4.528299999999999841e+02
4.530000000000000000e+02
4.531700000000000159e+02
4.533299999999999841e+02
4.535000000000000000e+02
4.536700000000000159e+02
4.538299999999999841e+02
4.540000000000000000e+02
4.541700000000000159e+02
4.543299999999999841e+02
4.545000000000000000e+02
4.546700000000000159e+02
4.548299999999999841e+02
4.550000000000000000e+02
4.551700000000000159e+02
4.553299999999999841e+02
4.555000000000000000e+02
4.556700000000000159e+02
4.558299999999999841e+02
4.560000000000000000e+02
4.561700000000000159e+02
4.563299999999999841e+02
4.565000000000000000e+02
4.566700000000000159e+02
4.568299999999999841e+02
4.570000000000000000e+02
4.571700000000000159e+02
4.573299999999999841e+02
4.575000000000000000e+02
4.576700000000000159e+02
4.578299999999999841e+02
4.580000000000000000e+02
4.581700000000000159e+02
4.583299999999999841e+02
4.585000000000000000e+02
4.586700000000000159e+02
4.588299999999999841e+02
4.590000000000000000e+02
4.591700000000000159e+02
4.593299999999999841e+02
4.595000000000000000e+02
4.596700000000000159e+02
4.598299999999999841e+02
4.600000000000000000e+02
4.601700000000000159e+02
4.603299999999999841e+02
4.605000000000000000e+02
4.606700000000000159e+02
4.608299999999999841e+02
4.610000000000000000e+02
4.611700000000000159e+02
4.613299999999999841e+02
4.615000000000000000e+02
4.616700000000000159e+02
4.618299999999999841e+02
4.620000000000000000e+02
4.621700000000000159e+02
4.623299999999999841e+02
4.625000000000000000e+02
4.626700000000000159e+02
4.628299999999999841e+02
4.630000000000000000e+02
4.631700000000000159e+02
4.633299999999999841e+02
4.635000000000000000e+02
4.636700000000000159e+02
4.638299999999999841e+02
4.640000000000000000e+02
4.641700000000000159e+02
4.643299999999999841e+02
4.645000000000000000e+02
4.646700000000000159e+02
4.648299999999999841e+02
4.650000000000000000e+02
4.651700000000000159e+02
4.653299999999999841e+02
4.655000000000000000e+02
4.656700000000000159e+02
4.658299999999999841e+02
4.660000000000000000e+02
4.661700000000000159e+02
4.663299999999999841e+02
4.665000000000000000e+02
4.666700000000000159e+02
4.668299999999999841e+02
4.670000000000000000e+02
4.671700000000000159e+02
4.673299999999999841e+02
4.675000000000000000e+02
4.676700000000000159e+02
4.678299999999999841e+02
4.680000000000000000e+02
4.681700000000000159e+02
4.683299999999999841e+02
4.685000000000000000e+02
4.686700000000000159e+02
4.688299999999999841e+02
4.690000000000000000e+02
4.691700000000000159e+02
4.693299999999999841e+02
4.695000000000000000e+02
4.696700000000000159e+02
4.698299999999999841e+02
4.700000000000000000e+02
4.701700000000000159e+02
4.703299999999999841e+02
4.705000000000000000e+02
4.706700000000000159e+02
4.708299999999999841e+02
4.710000000000000000e+02
4.711700000000000159e+02
4.713299999999999841e+02
4.715000000000000000e+02
4.716700000000000159e+02
4.718299999999999841e+02
4.720000000000000000e+02
4.721700000000000159e+02
4.723299999999999841e+02
4.725000000000000000e+02
4.726700000000000159e+02
4.728299999999999841e+02
4.730000000000000000e+02
4.731700000000000159e+02
4.733299999999999841e+02
4.735000000000000000e+02
4.736700000000000159e+02
4.738299999999999841e+02
4.740000000000000000e+02
4.741700000000000159e+02
4.743299999999999841e+02
4.745000000000000000e+02
4.746700000000000159e+02
4.748299999999999841e+02
4.750000000000000000e+02
4.751700000000000159e+02
4.753299999999999841e+02
4.755000000000000000e+02
4.756700000000000159e+02
4.758299999999999841e+02
4.760000000000000000e+02
4.761700000000000159e+02
4.763299999999999841e+02
4.765000000000000000e+02
4.766700000000000159e+02
4.768299999999999841e+02
4.770000000000000000e+02
4.771700000000000159e+02
4.773299999999999841e+02
4.775000000000000000e+02
4.776700000000000159e+02
4.778299999999999841e+02
4.780000000000000000e+02
4.781700000000000159e+02
4.783299999999999841e+02
4.785000000000000000e+02
4.786700000000000159e+02
4.788299999999999841e+02
4.790000000000000000e+02
4.791700000000000159e+02
4.793299999999999841e+02
4.795000000000000000e+02
4.796700000000000159e+02
4.798299999999999841e+02
4.800000000000000000e+02
4.801700000000000159e+02
4.803299999999999841e+02
4.805000000000000000e+02
4.806700000000000159e+02
4.808299999999999841e+02
4.810000000000000000e+02
4.811700000000000159e+02
4.813299999999999841e+02
4.815000000000000000e+02
4.816700000000000159e+02
4.818299999999999841e+02
4.820000000000000000e+02
4.821700000000000159e+02
4.823299999999999841e+02
4.825000000000000000e+02
4.826700000000000159e+02
4.828299999999999841e+02
4.830000000000000000e+02
4.831700000000000159e+02
4.833299999999999841e+02
4.835000000000000000e+02
4.836700000000000159e+02
4.838299999999999841e+02
4.840000000000000000e+02
4.841700000000000159e+02
4.843299999999999841e+02
4.845000000000000000e+02
4.846700000000000159e+02
4.848299999999999841e+02
4.850000000000000000e+02
4.851700000000000159e+02
4.853299999999999841e+02
4.855000000000000000e+02
4.856700000000000159e+02
4.858299999999999841e+02
4.860000000000000000e+02
4.861700000000000159e+02
4.863299999999999841e+02
4.865000000000000000e+02
4.866700000000000159e+02
4.868299999999999841e+02
4.870000000000000000e+02
4.871700000000000159e+02
4.873299999999999841e+02
4.875000000000000000e+02
4.876700000000000159e+02
4.878299999999999841e+02
4.880000000000000000e+02
4.881700000000000159e+02
4.883299999999999841e+02
4.885000000000000000e+02
4.886700000000000159e+02
4.888299999999999841e+02
4.890000000000000000e+02
4.891700000000000159e+02
4.893299999999999841e+02
4.895000000000000000e+02
4.896700000000000159e+02
4.898299999999999841e+02
4.900000000000000000e+02
4.901700000000000159e+02
4.903299999999999841e+02
4.905000000000000000e+02
4.906700000000000159e+02
4.908299999999999841e+02
4.910000000000000000e+02
4.911700000000000159e+02
4.913299999999999841e+02
4.915000000000000000e+02
4.916700000000000159e+02
4.918299999999999841e+02
4.920000000000000000e+02
4.921700000000000159e+02
4.923299999999999841e+02
4.925000000000000000e+02
4.926700000000000159e+02
4.928299999999999841e+02
4.930000000000000000e+02
4.931700000000000159e+02
4.933299999999999841e+02
4.935000000000000000e+02
4.936700000000000159e+02
4.938299999999999841e+02
4.940000000000000000e+02
4.941700000000000159e+02
4.943299999999999841e+02
4.945000000000000000e+02
4.946700000000000159e+02
4.948299999999999841e+02
4.950000000000000000e+02
4.951700000000000159e+02
4.953299999999999841e+02
4.955000000000000000e+02
4.956700000000000159e+02
4.958299999999999841e+02
4.960000000000000000e+02
4.961700000000000159e+02
4.963299999999999841e+02
4.965000000000000000e+02
4.966700000000000159e+02
4.968299999999999841e+02
4.970000000000000000e+02
4.971700000000000159e+02
4.973299999999999841e+02
4.975000000000000000e+02
4.976700000000000159e+02
4.978299999999999841e+02
4.980000000000000000e+02
4.981700000000000159e+02
4.983299999999999841e+02
4.985000000000000000e+02
4.986700000000000159e+02
4.988299999999999841e+02
4.990000000000000000e+02
4.991700000000000159e+02
4.993299999999999841e+02
4.995000000000000000e+02
4.996700000000000159e+02
4.998299999999999841e+02
5.000000000000000000e+02
5.001700000000000159e+02
5.003299999999999841e+02
5.005000000000000000e+02
5.006700000000000159e+02
5.008299999999999841e+02
5.010000000000000000e+02
5.011700000000000159e+02
5.013299999999999841e+02
5.015000000000000000e+02
5.016700000000000159e+02
5.018299999999999841e+02
5.020000000000000000e+02
5.021700000000000159e+02
5.023299999999999841e+02
5.025000000000000000e+02
5.026700000000000159e+02
5.028299999999999841e+02
5.030000000000000000e+02
5.031700000000000159e+02
5.033299999999999841e+02
5.035000000000000000e+02
5.036700000000000159e+02
5.038299999999999841e+02
5.040000000000000000e+02
5.041700000000000159e+02
5.043299999999999841e+02
5.045000000000000000e+02
5.046700000000000159e+02
5.048299999999999841e+02
5.050000000000000000e+02
5.051700000000000159e+02
5.053299999999999841e+02
5.055000000000000000e+02
5.056700000000000159e+02
5.058299999999999841e+02
5.060000000000000000e+02
5.061700000000000159e+02
5.063299999999999841e+02
5.065000000000000000e+02
5.066700000000000159e+02
5.068299999999999841e+02
5.070000000000000000e+02
5.071700000000000159e+02
5.073299999999999841e+02
5.075000000000000000e+02
5.076700000000000159e+02
5.078299999999999841e+02
5.080000000000000000e+02
5.081700000000000159e+02
5.083299999999999841e+02
5.085000000000000000e+02
5.086700000000000159e+02
5.088299999999999841e+02
5.090000000000000000e+02
5.091700000000000159e+02
5.093299999999999841e+02
5.095000000000000000e+02
5.096700000000000159e+02
5.098299999999999841e+02
5.100000000000000000e+02
5.101700000000000159e+02
5.103299999999999841e+02
5.105000000000000000e+02
5.106700000000000159e+02
5.108299999999999841e+02
5.110000000000000000e+02
5.111700000000000159e+02
5.113299999999999841e+02
5.115000000000000000e+02
5.116700000000000159e+02
5.118299999999999841e+02
5.120000000000000000e+02
5.121699999999999591e+02
5.123300000000000409e+02
5.125000000000000000e+02
5.126699999999999591e+02
5.128300000000000409e+02
5.130000000000000000e+02
5.131699999999999591e+02
5.133300000000000409e+02
5.135000000000000000e+02
5.136699999999999591e+02
5.138300000000000409e+02
5.140000000000000000e+02
5.141699999999999591e+02
5.143300000000000409e+02
5.145000000000000000e+02
5.146699999999999591e+02
5.148300000000000409e+02
5.150000000000000000e+02
5.151699999999999591e+02
5.153300000000000409e+02
5.155000000000000000e+02
5.156699999999999591e+02
5.158300000000000409e+02
5.160000000000000000e+02
5.161699999999999591e+02
5.163300000000000409e+02
5.165000000000000000e+02
5.166699999999999591e+02
5.168300000000000409e+02
5.170000000000000000e+02
5.171699999999999591e+02
5.173300000000000409e+02
5.175000000000000000e+02
5.176699999999999591e+02
5.178300000000000409e+02
5.180000000000000000e+02
5.181699999999999591e+02
5.183300000000000409e+02
5.185000000000000000e+02
5.186699999999999591e+02
5.188300000000000409e+02
5.190000000000000000e+02
5.191699999999999591e+02
5.193300000000000409e+02
5.195000000000000000e+02
5.196699999999999591e+02
5.198300000000000409e+02
5.200000000000000000e+02
5.201699999999999591e+02
5.203300000000000409e+02
5.205000000000000000e+02
5.206699999999999591e+02
5.208300000000000409e+02
5.210000000000000000e+02
5.211699999999999591e+02
5.213300000000000409e+02
5.215000000000000000e+02
5.216699999999999591e+02
5.218300000000000409e+02
5.220000000000000000e+02
5.221699999999999591e+02
5.223300000000000409e+02
5.225000000000000000e+02
5.226699999999999591e+02
5.228300000000000409e+02
5.230000000000000000e+02
5.231699999999999591e+02
5.233300000000000409e+02
5.235000000000000000e+02
5.236699999999999591e+02
5.238300000000000409e+02
5.240000000000000000e+02
5.241699999999999591e+02
5.243300000000000409e+02
5.245000000000000000e+02
5.246699999999999591e+02
5.248300000000000409e+02
5.250000000000000000e+02
5.251699999999999591e+02
5.253300000000000409e+02
5.255000000000000000e+02
5.256699999999999591e+02
5.258300000000000409e+02
5.260000000000000000e+02
5.261699999999999591e+02
5.263300000000000409e+02
5.265000000000000000e+02
5.266699999999999591e+02
5.268300000000000409e+02
5.270000000000000000e+02
5.271699999999999591e+02
5.273300000000000409e+02
5.275000000000000000e+02
5.276699999999999591e+02
5.278300000000000409e+02
5.280000000000000000e+02
5.281699999999999591e+02
5.283300000000000409e+02
5.285000000000000000e+02
5.286699999999999591e+02
5.288300000000000409e+02
5.290000000000000000e+02
5.291699999999999591e+02
5.293300000000000409e+02
5.295000000000000000e+02
5.296699999999999591e+02
5.298300000000000409e+02
5.300000000000000000e+02
5.301699999999999591e+02
5.303300000000000409e+02
5.305000000000000000e+02
5.306699999999999591e+02
5.308300000000000409e+02
5.310000000000000000e+02
5.311699999999999591e+02
5.313300000000000409e+02
5.315000000000000000e+02
5.316699999999999591e+02
5.318300000000000409e+02
5.320000000000000000e+02
5.321699999999999591e+02
5.323300000000000409e+02
5.325000000000000000e+02
5.326699999999999591e+02
5.328300000000000409e+02
5.330000000000000000e+02
5.331699999999999591e+02
5.333300000000000409e+02
5.335000000000000000e+02
5.336699999999999591e+02
5.338300000000000409e+02
5.340000000000000000e+02
5.341699999999999591e+02
5.343300000000000409e+02
5.345000000000000000e+02
5.346699999999999591e+02
5.348300000000000409e+02
5.350000000000000000e+02
5.351699999999999591e+02
5.353300000000000409e+02
5.355000000000000000e+02
5.356699999999999591e+02
5.358300000000000409e+02
5.360000000000000000e+02
5.361699999999999591e+02
5.363300000000000409e+02
5.365000000000000000e+02
5.366699999999999591e+02
5.368300000000000409e+02
5.370000000000000000e+02
5.371699999999999591e+02
5.373300000000000409e+02
5.375000000000000000e+02
5.376699999999999591e+02
5.378300000000000409e+02
5.380000000000000000e+02
5.381699999999999591e+02
5.383300000000000409e+02
5.385000000000000000e+02
5.386699999999999591e+02
5.388300000000000409e+02
5.390000000000000000e+02
5.391699999999999591e+02
5.393300000000000409e+02
5.395000000000000000e+02
5.396699999999999591e+02
5.398300000000000409e+02
5.400000000000000000e+02
5.401699999999999591e+02
5.403300000000000409e+02
5.405000000000000000e+02
5.406699999999999591e+02
5.408300000000000409e+02
5.410000000000000000e+02
5.411699999999999591e+02
5.413300000000000409e+02
5.415000000000000000e+02
5.416699999999999591e+02
5.418300000000000409e+02
5.420000000000000000e+02
5.421699999999999591e+02
5.423300000000000409e+02
5.425000000000000000e+02
5.426699999999999591e+02
5.428300000000000409e+02
5.430000000000000000e+02
5.431699999999999591e+02
5.433300000000000409e+02
5.435000000000000000e+02
5.436699999999999591e+02
5.438300000000000409e+02
5.440000000000000000e+02
5.441699999999999591e+02
5.443300000000000409e+02
5.445000000000000000e+02
5.446699999999999591e+02
5.448300000000000409e+02
5.450000000000000000e+02
5.451699999999999591e+02
5.453300000000000409e+02
5.455000000000000000e+02
5.456699999999999591e+02
5.458300000000000409e+02
5.460000000000000000e+02
5.461699999999999591e+02
5.463300000000000409e+02
5.465000000000000000e+02
5.466699999999999591e+02
5.468300000000000409e+02
5.470000000000000000e+02
5.471699999999999591e+02
5.473300000000000409e+02
5.475000000000000000e+02
5.476699999999999591e+02
5.478300000000000409e+02
5.480000000000000000e+02
5.481699999999999591e+02
5.483300000000000409e+02
5.485000000000000000e+02
5.486699999999999591e+02
5.488300000000000409e+02
5.490000000000000000e+02
5.491699999999999591e+02
5.493300000000000409e+02
5.495000000000000000e+02
5.496699999999999591e+02
5.498300000000000409e+02
5.500000000000000000e+02
5.501699999999999591e+02
5.503300000000000409e+02
5.505000000000000000e+02
5.506699999999999591e+02
5.508300000000000409e+02
5.510000000000000000e+02
5.511699999999999591e+02
5.513300000000000409e+02
5.515000000000000000e+02
5.516699999999999591e+02
5.518300000000000409e+02
5.520000000000000000e+02
5.521699999999999591e+02
5.523300000000000409e+02
5.525000000000000000e+02
5.526699999999999591e+02
5.528300000000000409e+02
5.530000000000000000e+02
5.531699999999999591e+02
5.533300000000000409e+02
5.535000000000000000e+02
5.536699999999999591e+02
5.538300000000000409e+02
5.540000000000000000e+02
5.541699999999999591e+02
5.543300000000000409e+02
5.545000000000000000e+02
5.546699999999999591e+02
5.548300000000000409e+02
5.550000000000000000e+02
5.551699999999999591e+02
5.553300000000000409e+02
5.555000000000000000e+02
5.556699999999999591e+02
5.558300000000000409e+02
5.560000000000000000e+02
5.561699999999999591e+02
5.563300000000000409e+02
5.565000000000000000e+02
5.566699999999999591e+02
5.568300000000000409e+02
5.570000000000000000e+02
5.571699999999999591e+02
5.573300000000000409e+02
5.575000000000000000e+02
5.576699999999999591e+02
5.578300000000000409e+02
5.580000000000000000e+02
5.581699999999999591e+02
5.583300000000000409e+02
5.585000000000000000e+02
5.586699999999999591e+02
5.588300000000000409e+02
5.590000000000000000e+02
5.591699999999999591e+02
5.593300000000000409e+02
5.595000000000000000e+02
5.596699999999999591e+02
5.598300000000000409e+02
5.600000000000000000e+02
5.601699999999999591e+02
5.603300000000000409e+02
5.605000000000000000e+02
5.606699999999999591e+02
5.608300000000000409e+02
5.610000000000000000e+02
5.611699999999999591e+02
5.613300000000000409e+02
5.615000000000000000e+02
5.616699999999999591e+02
5.618300000000000409e+02
5.620000000000000000e+02
5.621699999999999591e+02
5.623300000000000409e+02
5.625000000000000000e+02
5.626699999999999591e+02
5.628300000000000409e+02
5.630000000000000000e+02
5.631699999999999591e+02
5.633300000000000409e+02
5.635000000000000000e+02
5.636699999999999591e+02
5.638300000000000409e+02
5.640000000000000000e+02
5.641699999999999591e+02
5.643300000000000409e+02
5.645000000000000000e+02
5.646699999999999591e+02
5.648300000000000409e+02
5.650000000000000000e+02
5.651699999999999591e+02
5.653300000000000409e+02
5.655000000000000000e+02
5.656699999999999591e+02
5.658300000000000409e+02
5.660000000000000000e+02
5.661699999999999591e+02
5.663300000000000409e+02
5.665000000000000000e+02
5.666699999999999591e+02
5.668300000000000409e+02
5.670000000000000000e+02
5.671699999999999591e+02
5.673300000000000409e+02
5.675000000000000000e+02
5.676699999999999591e+02
5.678300000000000409e+02
5.680000000000000000e+02
5.681699999999999591e+02
5.683300000000000409e+02
5.685000000000000000e+02
5.686699999999999591e+02
5.688300000000000409e+02
5.690000000000000000e+02
5.691699999999999591e+02
5.693300000000000409e+02
5.695000000000000000e+02
5.696699999999999591e+02
5.698300000000000409e+02
5.700000000000000000e+02
5.701699999999999591e+02
5.703300000000000409e+02
5.705000000000000000e+02
5.706699999999999591e+02
5.708300000000000409e+02
5.710000000000000000e+02
5.711699999999999591e+02
5.713300000000000409e+02
5.715000000000000000e+02
5.716699999999999591e+02
5.718300000000000409e+02
5.720000000000000000e+02
5.721699999999999591e+02
5.723300000000000409e+02
5.725000000000000000e+02
5.726699999999999591e+02
5.728300000000000409e+02
5.730000000000000000e+02
5.731699999999999591e+02
5.733300000000000409e+02
5.735000000000000000e+02
5.736699999999999591e+02
5.738300000000000409e+02
5.740000000000000000e+02
5.741699999999999591e+02
5.743300000000000409e+02
5.745000000000000000e+02
5.746699999999999591e+02
5.748300000000000409e+02
5.750000000000000000e+02
5.751699999999999591e+02
5.753300000000000409e+02
5.755000000000000000e+02
5.756699999999999591e+02
5.758300000000000409e+02
5.760000000000000000e+02
5.761699999999999591e+02
5.763300000000000409e+02
5.765000000000000000e+02
5.766699999999999591e+02
5.768300000000000409e+02
5.770000000000000000e+02
5.771699999999999591e+02
5.773300000000000409e+02
5.775000000000000000e+02
5.776699999999999591e+02
5.778300000000000409e+02
5.780000000000000000e+02
5.781699999999999591e+02
5.783300000000000409e+02
5.785000000000000000e+02
5.786699999999999591e+02
5.788300000000000409e+02
5.790000000000000000e+02
5.791699999999999591e+02
5.793300000000000409e+02
5.795000000000000000e+02
5.796699999999999591e+02
5.798300000000000409e+02
5.800000000000000000e+02
5.801699999999999591e+02
5.803300000000000409e+02
5.805000000000000000e+02
5.806699999999999591e+02
5.808300000000000409e+02
5.810000000000000000e+02
5.811699999999999591e+02
5.813300000000000409e+02
5.815000000000000000e+02
5.816699999999999591e+02
5.818300000000000409e+02
5.820000000000000000e+02
5.821699999999999591e+02
5.823300000000000409e+02
5.825000000000000000e+02
5.826699999999999591e+02
5.828300000000000409e+02
5.830000000000000000e+02
5.831699999999999591e+02
5.833300000000000409e+02
5.835000000000000000e+02
5.836699999999999591e+02
5.838300000000000409e+02
5.840000000000000000e+02
5.841699999999999591e+02
5.843300000000000409e+02
5.845000000000000000e+02
5.846699999999999591e+02
5.848300000000000409e+02
5.850000000000000000e+02
5.851699999999999591e+02
5.853300000000000409e+02
5.855000000000000000e+02
5.856699999999999591e+02
5.858300000000000409e+02
5.860000000000000000e+02
5.861699999999999591e+02
5.863300000000000409e+02
5.865000000000000000e+02
5.866699999999999591e+02
5.868300000000000409e+02
5.870000000000000000e+02
5.871699999999999591e+02
5.873300000000000409e+02
5.875000000000000000e+02
5.876699999999999591e+02
5.878300000000000409e+02
5.880000000000000000e+02
5.881699999999999591e+02
5.883300000000000409e+02
5.885000000000000000e+02
5.886699999999999591e+02
5.888300000000000409e+02
5.890000000000000000e+02
5.891699999999999591e+02
5.893300000000000409e+02
5.895000000000000000e+02
5.896699999999999591e+02
5.898300000000000409e+02
5.900000000000000000e+02
5.901699999999999591e+02
5.903300000000000409e+02
5.905000000000000000e+02
5.906699999999999591e+02
5.908300000000000409e+02
5.910000000000000000e+02
5.911699999999999591e+02
5.913300000000000409e+02
5.915000000000000000e+02
5.916699999999999591e+02
5.918300000000000409e+02
5.920000000000000000e+02
5.921699999999999591e+02
5.923300000000000409e+02
5.925000000000000000e+02
5.926699999999999591e+02
5.928300000000000409e+02
5.930000000000000000e+02
5.931699999999999591e+02
5.933300000000000409e+02
5.935000000000000000e+02
5.936699999999999591e+02
5.938300000000000409e+02
5.940000000000000000e+02
5.941699999999999591e+02
5.943300000000000409e+02
5.945000000000000000e+02
5.946699999999999591e+02
5.948300000000000409e+02
5.950000000000000000e+02
5.951699999999999591e+02
5.953300000000000409e+02
5.955000000000000000e+02
5.956699999999999591e+02
5.958300000000000409e+02
5.960000000000000000e+02
5.961699999999999591e+02
5.963300000000000409e+02
5.965000000000000000e+02
5.966699999999999591e+02
5.968300000000000409e+02
5.970000000000000000e+02
5.971699999999999591e+02
5.973300000000000409e+02
5.975000000000000000e+02
5.976699999999999591e+02
5.978300000000000409e+02
5.980000000000000000e+02
5.981699999999999591e+02
5.983300000000000409e+02
5.985000000000000000e+02
5.986699999999999591e+02
5.988300000000000409e+02
5.990000000000000000e+02
5.991699999999999591e+02
5.993300000000000409e+02
5.995000000000000000e+02
5.996699999999999591e+02
5.998300000000000409e+02
6.000000000000000000e+02
