1.000000000000000021e-02
2.502512562814070488e-02
4.005025125628140781e-02
5.507537688442211421e-02
7.010050251256282061e-02
8.512562814070351314e-02
1.001507537688442195e-01
1.151758793969849259e-01
1.302010050251256323e-01
1.452261306532663387e-01
1.602512562814070451e-01
1.752763819095477515e-01
1.903015075376884579e-01
2.053266331658291644e-01
2.203517587939698708e-01
2.353768844221105772e-01
2.504020100502512558e-01
2.654271356783919900e-01
2.804522613065326686e-01
2.954773869346734028e-01
3.105025125628140814e-01
3.255276381909548156e-01
3.405527638190954942e-01
3.555778894472362284e-01
3.706030150753769070e-01
3.856281407035176412e-01
4.006532663316583198e-01
4.156783919597990540e-01
4.307035175879397326e-01
4.457286432160804668e-01
4.607537688442211454e-01
4.757788944723618796e-01
4.908040201005025582e-01
5.058291457286432369e-01
5.208542713567839710e-01
5.358793969849247052e-01
5.509045226130653283e-01
5.659296482412060625e-01
5.809547738693467966e-01
5.959798994974875308e-01
6.110050251256281539e-01
6.260301507537688881e-01
6.410552763819096223e-01
6.560804020100503564e-01
6.711055276381909795e-01
6.861306532663317137e-01
7.011557788944724479e-01
7.161809045226131820e-01
7.312060301507538052e-01
7.462311557788945393e-01
7.612562814070352735e-01
7.762814070351758966e-01
7.913065326633166308e-01
8.063316582914573649e-01
8.213567839195980991e-01
8.363819095477387222e-01
8.514070351758794564e-01
8.664321608040201905e-01
8.814572864321609247e-01
8.964824120603015478e-01
9.115075376884422820e-01
9.265326633165830161e-01
9.415577889447237503e-01
9.565829145728643734e-01
9.716080402010051076e-01
9.866331658291458417e-01
1.001658291457286465e+00
1.016683417085427310e+00
1.031708542713567933e+00
1.046733668341708556e+00
1.061758793969849402e+00
1.076783919597990025e+00
1.091809045226130648e+00
1.106834170854271493e+00
1.121859296482412116e+00
1.136884422110552961e+00
1.151909547738693584e+00
1.166934673366834208e+00
1.181959798994975053e+00
1.196984924623115676e+00
1.212010050251256299e+00
1.227035175879397144e+00
1.242060301507537767e+00
1.257085427135678390e+00
1.272110552763819236e+00
1.287135678391959859e+00
1.302160804020100704e+00
1.317185929648241327e+00
1.332211055276381950e+00
1.347236180904522795e+00
1.362261306532663419e+00
1.377286432160804042e+00
1.392311557788944887e+00
1.407336683417085510e+00
1.422361809045226355e+00
1.437386934673366978e+00
1.452412060301507601e+00
1.467437185929648447e+00
1.482462311557789070e+00
1.497487437185929693e+00
1.512512562814070538e+00
1.527537688442211161e+00
1.542562814070351784e+00
1.557587939698492630e+00
1.572613065326633253e+00
1.587638190954774098e+00
1.602663316582914721e+00
1.617688442211055344e+00
1.632713567839196189e+00
1.647738693467336812e+00
1.662763819095477436e+00
1.677788944723618281e+00
1.692814070351758904e+00
1.707839195979899527e+00
1.722864321608040372e+00
1.737889447236180995e+00
1.752914572864321840e+00
1.767939698492462464e+00
1.782964824120603087e+00
1.797989949748743932e+00
1.813015075376884555e+00
1.828040201005025178e+00
1.843065326633166023e+00
1.858090452261306647e+00
1.873115577889447492e+00
1.888140703517588115e+00
1.903165829145728738e+00
1.918190954773869583e+00
1.933216080402010206e+00
1.948241206030150829e+00
1.963266331658291675e+00
1.978291457286432298e+00
1.993316582914572921e+00
2.008341708542713544e+00
2.023366834170854389e+00
2.038391959798994790e+00
2.053417085427135635e+00
2.068442211055276481e+00
2.083467336683416882e+00
2.098492462311557727e+00
2.113517587939698572e+00
2.128542713567838973e+00
2.143567839195979818e+00
2.158592964824120664e+00
2.173618090452261065e+00
2.188643216080401910e+00
2.203668341708542755e+00
2.218693467336683156e+00
2.233718592964824001e+00
2.248743718592964846e+00
2.263768844221105692e+00
2.278793969849246093e+00
2.293819095477386938e+00
2.308844221105527783e+00
2.323869346733668184e+00
2.338894472361809029e+00
2.353919597989949875e+00
2.368944723618090276e+00
2.383969849246231121e+00
2.398994974874371966e+00
2.414020100502512367e+00
2.429045226130653212e+00
2.444070351758794057e+00
2.459095477386934459e+00
2.474120603015075304e+00
2.489145728643216149e+00
2.504170854271356550e+00
2.519195979899497395e+00
2.534221105527638240e+00
2.549246231155779085e+00
2.564271356783919487e+00
2.579296482412060332e+00
2.594321608040201177e+00
2.609346733668341578e+00
2.624371859296482423e+00
2.639396984924623268e+00
2.654422110552763669e+00
2.669447236180904515e+00
2.684472361809045360e+00
2.699497487437185761e+00
2.714522613065326606e+00
2.729547738693467451e+00
2.744572864321607852e+00
2.759597989949748698e+00
2.774623115577889543e+00
2.789648241206029944e+00
2.804673366834170789e+00
2.819698492462311634e+00
2.834723618090452479e+00
2.849748743718592880e+00
2.864773869346733726e+00
2.879798994974874571e+00
2.894824120603014972e+00
2.909849246231155817e+00
2.924874371859296662e+00
2.939899497487437063e+00
2.954924623115577909e+00
2.969949748743718754e+00
2.984974874371859155e+00
3.000000000000000000e+00
